##RenderMan RIB
version 3.04
EditBegin "attribute" 
EditEnd 
Option "rerender" "int[2] lodrange" [0 0]
##streammarker7307
EditBegin "option" 
Identity 
#Camera perspShape
Clipping 0.1 10000
Projection "perspective" "fov" [54.4322]
ScreenWindow -1 1 -0.5625 0.5625
Shutter 0 0
ConcatTransform [ 0.827081 -0.268532 -0.49379 5.75328e-010  1.00128e-007 0.878498 -0.477747 -2.87113e-009  -0.562083 -0.395135 -0.726588 -5.77373e-010  -33.1462 -136.853 32.549 1 ]
Camera "world" "float[2] shutteropening" [0 1]
EditEnd 
##streammarker7308
EditBegin "option" 
Identity 
#Camera perspShape
Clipping 0.1 10000
Projection "perspective" "fov" [54.4322]
ScreenWindow -1 1 -0.5625 0.5625
Shutter 0 0
ConcatTransform [ 0.834848 -0.262991 -0.483596 -3.22526e-009  -1.18038e-008 0.878498 -0.477747 -6.53979e-010  -0.550481 -0.398846 -0.733412 2.5496e-010  -31.2751 -137.068 32.1539 1 ]
Camera "world" "float[2] shutteropening" [0 1]
EditEnd 
##streammarker7309
EditBegin "option" 
Identity 
#Camera perspShape
Clipping 0.1 10000
Projection "perspective" "fov" [54.4322]
ScreenWindow -1 1 -0.5625 0.5625
Shutter 0 0
ConcatTransform [ 0.887816 -0.211342 -0.4088 -3.16289e-009  1.0628e-007 0.888311 -0.459244 -1.98822e-009  -0.4602 -0.407723 -0.788655 -6.10181e-009  -17.0728 -136.563 27.0497 1 ]
Camera "world" "float[2] shutteropening" [0 1]
EditEnd 
##streammarker7310
EditBegin "option" 
Identity 
#Camera perspShape
Clipping 0.1 10000
Projection "perspective" "fov" [54.4322]
ScreenWindow -1 1 -0.5625 0.5625
Shutter 0 0
ConcatTransform [ 0.917755 -0.200602 -0.342761 -1.16809e-010  3.25505e-008 0.863057 -0.505105 -8.9707e-011  -0.397148 -0.463563 -0.792075 -2.6993e-010  -7.49091 -141.171 33.5708 1 ]
Camera "world" "float[2] shutteropening" [0 1]
EditEnd 
##streammarker7311
EditBegin "option" 
Identity 
#Camera perspShape
Clipping 0.1 10000
Projection "perspective" "fov" [54.4322]
ScreenWindow -1 1 -0.5625 0.5625
Shutter 0 0
ConcatTransform [ 0.917755 -0.200602 -0.342762 3.1943e-009  -1.42448e-008 0.863058 -0.505105 -9.50553e-010  -0.397148 -0.463563 -0.792075 -1.06017e-009  -7.49091 -141.171 33.0181 1 ]
Camera "world" "float[2] shutteropening" [0 1]
EditEnd 
##streammarker7312
EditBegin "option" 
Identity 
#Camera perspShape
Clipping 0.1 10000
Projection "perspective" "fov" [54.4322]
ScreenWindow -1 1 -0.5625 0.5625
Shutter 0 0
ConcatTransform [ 0.917754 -0.200601 -0.342761 -4.97214e-010  0 0.863058 -0.505105 -4.37457e-010  -0.397148 -0.463563 -0.792075 -1.149e-009  -7.49091 -141.171 27.6406 1 ]
Camera "world" "float[2] shutteropening" [0 1]
EditEnd 
##streammarker7313
EditBegin "option" 
Identity 
#Camera perspShape
Clipping 0.1 10000
Projection "perspective" "fov" [54.4322]
ScreenWindow -1 1 -0.5625 0.5625
Shutter 0 0
ConcatTransform [ 0.917755 -0.200601 -0.342761 -1.08984e-009  -1.77563e-008 0.863058 -0.505105 1.15543e-009  -0.397148 -0.463563 -0.792075 1.06705e-009  -7.49091 -141.171 26.5971 1 ]
Camera "world" "float[2] shutteropening" [0 1]
EditEnd 
##streammarker7314
EditBegin "option" 
Identity 
#Camera perspShape
Clipping 0.1 10000
Projection "perspective" "fov" [54.4322]
ScreenWindow -1 1 -0.5625 0.5625
Shutter 0 0
ConcatTransform [ 0.917755 -0.200602 -0.342761 -2.36257e-011  0 0.863058 -0.505105 -2.19768e-011  -0.397148 -0.463563 -0.792075 -5.45957e-011  -7.49091 -141.171 25.0514 1 ]
Camera "world" "float[2] shutteropening" [0 1]
EditEnd 
##streammarker7315
EditBegin "option" 
Identity 
#Camera perspShape
Clipping 0.1 10000
Projection "perspective" "fov" [54.4322]
ScreenWindow -1 1 -0.5625 0.5625
Shutter 0 0
ConcatTransform [ 0.917755 -0.200602 -0.342761 8.99664e-010  1.26109e-008 0.863058 -0.505105 -9.09565e-010  -0.397148 -0.463563 -0.792075 -2.98319e-010  -7.49091 -141.171 24.5413 1 ]
Camera "world" "float[2] shutteropening" [0 1]
EditEnd 
##streammarker7316
EditBegin "option" 
Identity 
#Camera perspShape
Clipping 0.1 10000
Projection "perspective" "fov" [54.4322]
ScreenWindow -1 1 -0.5625 0.5625
Shutter 0 0
ConcatTransform [ 0.917755 -0.200601 -0.342762 -2.30816e-010  1.94944e-008 0.863058 -0.505105 -2.21653e-010  -0.397148 -0.463563 -0.792075 -5.33385e-010  -7.49091 -141.171 23.5288 1 ]
Camera "world" "float[2] shutteropening" [0 1]
EditEnd 
##streammarker7317
EditBegin "option" 
Identity 
#Camera perspShape
Clipping 0.1 10000
Projection "perspective" "fov" [54.4322]
ScreenWindow -1 1 -0.5625 0.5625
Shutter 0 0
ConcatTransform [ 0.917755 -0.200601 -0.342762 3.67694e-009  -2.00711e-008 0.863058 -0.505105 7.40234e-010  -0.397148 -0.463563 -0.792075 -2.26441e-010  -7.49091 -141.171 22.5264 1 ]
Camera "world" "float[2] shutteropening" [0 1]
EditEnd 
##streammarker7318
EditBegin "option" 
Identity 
#Camera perspShape
Clipping 0.1 10000
Projection "perspective" "fov" [54.4322]
ScreenWindow -1 1 -0.5625 0.5625
Shutter 0 0
ConcatTransform [ 0.917755 -0.200602 -0.342761 4.11266e-009  1.72052e-008 0.863057 -0.505105 1.09299e-009  -0.397148 -0.463563 -0.792075 5.37679e-010  -7.49091 -141.171 21.534 1 ]
Camera "world" "float[2] shutteropening" [0 1]
EditEnd 
##streammarker7319
EditBegin "option" 
Identity 
#Camera perspShape
Clipping 0.1 10000
Projection "perspective" "fov" [54.4322]
ScreenWindow -1 1 -0.5625 0.5625
Shutter 0 0
ConcatTransform [ 0.917755 -0.200602 -0.342762 -5.93737e-011  -1.061e-008 0.863058 -0.505105 -6.05706e-011  -0.397148 -0.463563 -0.792075 -1.37205e-010  -7.49091 -141.171 20.5515 1 ]
Camera "world" "float[2] shutteropening" [0 1]
EditEnd 
##streammarker7320
EditBegin "option" 
Identity 
#Camera perspShape
Clipping 0.1 10000
Projection "perspective" "fov" [54.4322]
ScreenWindow -1 1 -0.5625 0.5625
Shutter 0 0
ConcatTransform [ 0.917755 -0.200602 -0.342761 -2.74617e-010  2.17923e-008 0.863058 -0.505105 -2.85604e-010  -0.397148 -0.463563 -0.792075 -6.34602e-010  -7.49091 -141.171 19.5788 1 ]
Camera "world" "float[2] shutteropening" [0 1]
EditEnd 
##streammarker7321
EditBegin "option" 
Identity 
#Camera perspShape
Clipping 0.1 10000
Projection "perspective" "fov" [54.4322]
ScreenWindow -1 1 -0.5625 0.5625
Shutter 0 0
ConcatTransform [ 0.917755 -0.200601 -0.342761 4.3941e-011  1.10389e-008 0.863058 -0.505105 4.61344e-011  -0.397148 -0.463563 -0.792075 1.01542e-010  -7.49091 -141.171 19.0961 1 ]
Camera "world" "float[2] shutteropening" [0 1]
EditEnd 
##streammarker7322
EditBegin "option" 
Identity 
#Camera perspShape
Clipping 0.1 10000
Projection "perspective" "fov" [54.4322]
ScreenWindow -1 1 -0.5625 0.5625
Shutter 0 0
ConcatTransform [ 0.917755 -0.200602 -0.342762 3.46336e-010  -1.11815e-008 0.863057 -0.505105 7.24561e-010  -0.397148 -0.463563 -0.792075 5.64005e-010  -7.49091 -141.171 18.6158 1 ]
Camera "world" "float[2] shutteropening" [0 1]
EditEnd 
##streammarker7323
EditBegin "option" 
Identity 
#Camera perspShape
Clipping 0.1 10000
Projection "perspective" "fov" [54.4322]
ScreenWindow -1 1 -0.5625 0.5625
Shutter 0 0
ConcatTransform [ 0.917755 -0.200601 -0.342761 2.18145e-010  -3.01971e-008 0.863058 -0.505105 5.50252e-010  -0.397148 -0.463563 -0.792075 1.69417e-010  -7.4909 -141.171 18.138 1 ]
Camera "world" "float[2] shutteropening" [0 1]
EditEnd 
##streammarker7324
EditBegin "option" 
Identity 
#Camera perspShape
Clipping 0.1 10000
Projection "perspective" "fov" [54.4322]
ScreenWindow -1 1 -0.5625 0.5625
Shutter 0 0
ConcatTransform [ 0.917755 -0.200601 -0.342762 5.74018e-011  0 0.863058 -0.505105 6.19685e-011  -0.397148 -0.463563 -0.792075 1.32648e-010  -7.49091 -141.171 17.6625 1 ]
Camera "world" "float[2] shutteropening" [0 1]
EditEnd 
##streammarker7325
EditBegin "option" 
Identity 
#Camera perspShape
Clipping 0.1 10000
Projection "perspective" "fov" [54.4322]
ScreenWindow -1 1 -0.5625 0.5625
Shutter 0 0
ConcatTransform [ 0.917755 -0.200601 -0.342762 5.74018e-011  0 0.863058 -0.505105 6.19685e-011  -0.397148 -0.463563 -0.792075 1.32648e-010  -7.49091 -141.171 17.6625 1 ]
Camera "world" "float[2] shutteropening" [0 1]
EditEnd 
##streammarker7326
EditBegin "option" 
Identity 
#Camera perspShape
Clipping 0.1 10000
Projection "perspective" "fov" [54.4322]
ScreenWindow -1 1 -0.5625 0.5625
Shutter 0 0
ConcatTransform [ 0.917755 -0.200602 -0.342761 -2.45525e-010  -1.56667e-008 0.863058 -0.505105 -2.69893e-010  -0.397148 -0.463563 -0.792075 -5.67374e-010  -7.49091 -141.171 16.7187 1 ]
Camera "world" "float[2] shutteropening" [0 1]
EditEnd 
##streammarker7327
EditBegin "option" 
Identity 
#Camera perspShape
Clipping 0.1 10000
Projection "perspective" "fov" [54.4322]
ScreenWindow -1 1 -0.5625 0.5625
Shutter 0 0
ConcatTransform [ 0.917754 -0.200601 -0.342762 4.70378e-010  0 0.863058 -0.505105 6.79595e-010  -0.397148 -0.463563 -0.792075 3.83611e-010  -7.49091 -141.171 16.2503 1 ]
Camera "world" "float[2] shutteropening" [0 1]
EditEnd 
##streammarker7328
EditBegin "option" 
Identity 
#Camera perspShape
Clipping 0.1 10000
Projection "perspective" "fov" [54.4322]
ScreenWindow -1 1 -0.5625 0.5625
Shutter 0 0
ConcatTransform [ 0.917755 -0.200602 -0.342761 -1.03378e-010  -1.64205e-008 0.863058 -0.505105 -1.17693e-010  -0.397148 -0.463563 -0.792075 -2.38893e-010  -7.49091 -141.171 14.8592 1 ]
Camera "world" "float[2] shutteropening" [0 1]
EditEnd 
##streammarker7329
EditBegin "option" 
Identity 
#Camera perspShape
Clipping 0.1 10000
Projection "perspective" "fov" [54.4322]
ScreenWindow -1 1 -0.5625 0.5625
Shutter 0 0
ConcatTransform [ 0.917755 -0.200601 -0.342761 2.13259e-010  4.19895e-009 0.863058 -0.505105 2.46954e-010  -0.397148 -0.463563 -0.792075 4.92812e-010  -7.49091 -141.171 13.9434 1 ]
Camera "world" "float[2] shutteropening" [0 1]
EditEnd 
##streammarker7330
EditBegin "option" 
Identity 
#Camera perspShape
Clipping 0.1 10000
Projection "perspective" "fov" [54.4322]
ScreenWindow -1 1 -0.5625 0.5625
Shutter 0 0
ConcatTransform [ 0.917755 -0.200601 -0.342762 -2.38009e-010  -4.24576e-009 0.863058 -0.505105 -2.77934e-010  -0.397148 -0.463563 -0.792075 -5.50007e-010  -7.49091 -141.171 13.4889 1 ]
Camera "world" "float[2] shutteropening" [0 1]
EditEnd 
##streammarker7331
EditBegin "option" 
Identity 
#Camera perspShape
Clipping 0.1 10000
Projection "perspective" "fov" [54.4322]
ScreenWindow -1 1 -0.5625 0.5625
Shutter 0 0
ConcatTransform [ 0.917755 -0.200602 -0.342762 -1.13792e-010  4.2925e-009 0.863057 -0.505105 -1.33987e-010  -0.397148 -0.463563 -0.792075 -2.62958e-010  -7.49091 -141.171 13.0367 1 ]
Camera "world" "float[2] shutteropening" [0 1]
EditEnd 
##streammarker7332
EditBegin "option" 
Identity 
#Camera perspShape
Clipping 0.1 10000
Projection "perspective" "fov" [54.4322]
ScreenWindow -1 1 -0.5625 0.5625
Shutter 0 0
ConcatTransform [ 0.917755 -0.200602 -0.342762 -4.66055e-011  2.19289e-008 0.863058 -0.505105 -5.57815e-011  -0.397148 -0.463563 -0.792075 -1.07699e-010  -7.49091 -141.171 12.1391 1 ]
Camera "world" "float[2] shutteropening" [0 1]
EditEnd 
##streammarker7333
EditBegin "option" 
Identity 
#Camera perspShape
Clipping 0.1 10000
Projection "perspective" "fov" [54.4322]
ScreenWindow -1 1 -0.5625 0.5625
Shutter 0 0
ConcatTransform [ 0.917755 -0.200601 -0.342762 -2.08265e-010  1.8286e-008 0.863058 -0.505105 -2.57321e-010  -0.397148 -0.463563 -0.792075 -4.81272e-010  -7.49091 -141.171 10.3706 1 ]
Camera "world" "float[2] shutteropening" [0 1]
EditEnd 
##streammarker7334
EditBegin "option" 
Identity 
#Camera perspShape
Clipping 0.1 10000
Projection "perspective" "fov" [54.4322]
ScreenWindow -1 1 -0.5625 0.5625
Shutter 0 0
ConcatTransform [ 0.917755 -0.200602 -0.342762 -1.65792e-010  0 0.863058 -0.505105 -2.0644e-010  -0.397148 -0.463563 -0.792075 -3.83124e-010  -7.49091 -141.171 9.93402 1 ]
Camera "world" "float[2] shutteropening" [0 1]
EditEnd 
##streammarker7335
EditBegin "option" 
Identity 
#Camera perspShape
Clipping 0.1 10000
Projection "perspective" "fov" [54.4322]
ScreenWindow -1 1 -0.5625 0.5625
Shutter 0 0
ConcatTransform [ 0.917755 -0.200601 -0.342761 -1.87768e-010  -9.32789e-009 0.863058 -0.505105 -2.35608e-010  -0.397148 -0.463563 -0.792075 -4.33906e-010  -7.49091 -141.171 9.49961 1 ]
Camera "world" "float[2] shutteropening" [0 1]
EditEnd 
##streammarker7336
EditBegin "option" 
Identity 
#Camera perspShape
Clipping 0.1 10000
Projection "perspective" "fov" [54.4322]
ScreenWindow -1 1 -0.5625 0.5625
Shutter 0 0
ConcatTransform [ 0.917755 -0.200601 -0.342761 -1.72273e-010  9.42011e-009 0.863058 -0.505105 -2.17819e-010  -0.397148 -0.463563 -0.792075 -3.981e-010  -7.49091 -141.171 9.06738 1 ]
Camera "world" "float[2] shutteropening" [0 1]
EditEnd 
##streammarker7337
EditBegin "option" 
Identity 
#Camera perspShape
Clipping 0.1 10000
Projection "perspective" "fov" [54.4322]
ScreenWindow -1 1 -0.5625 0.5625
Shutter 0 0
ConcatTransform [ 0.917755 -0.200602 -0.342761 2.88659e-010  -9.6959e-009 0.863058 -0.505105 3.7326e-010  -0.397148 -0.463563 -0.792075 6.67052e-010  -7.49091 -141.171 7.78362 1 ]
Camera "world" "float[2] shutteropening" [0 1]
EditEnd 
##streammarker7338
EditBegin "option" 
Identity 
#Camera perspShape
Clipping 0.1 10000
Projection "perspective" "fov" [54.4322]
ScreenWindow -1 1 -0.5625 0.5625
Shutter 0 0
ConcatTransform [ 0.917755 -0.200602 -0.342761 1.38131e-010  -2.96371e-008 0.863058 -0.505105 1.81247e-010  -0.397148 -0.463563 -0.792075 3.19202e-010  -7.49091 -141.171 6.93846 1 ]
Camera "world" "float[2] shutteropening" [0 1]
EditEnd 
##streammarker7339
EditBegin "option" 
Identity 
#Camera perspShape
Clipping 0.1 10000
Projection "perspective" "fov" [54.4322]
ScreenWindow -1 1 -0.5625 0.5625
Shutter 0 0
ConcatTransform [ 0.917755 -0.200602 -0.342761 -2.69232e-010  1.55013e-008 0.863058 -0.505105 -3.66022e-010  -0.397148 -0.463563 -0.792075 -6.22158e-010  -7.49091 -141.171 4.8623 1 ]
Camera "world" "float[2] shutteropening" [0 1]
EditEnd 
##streammarker7340
EditBegin "option" 
Identity 
#Camera perspShape
Clipping 0.1 10000
Projection "perspective" "fov" [54.4322]
ScreenWindow -1 1 -0.5625 0.5625
Shutter 0 0
ConcatTransform [ 0.917755 -0.200601 -0.342762 1.36329e-010  -2.6062e-008 0.863058 -0.505105 1.86626e-010  -0.397148 -0.463563 -0.792075 3.15038e-010  -7.49091 -141.171 4.45328 1 ]
Camera "world" "float[2] shutteropening" [0 1]
EditEnd 
##streammarker7341
EditBegin "option" 
Identity 
#Camera perspShape
Clipping 0.1 10000
Projection "perspective" "fov" [54.4322]
ScreenWindow -1 1 -0.5625 0.5625
Shutter 0 0
ConcatTransform [ 0.917755 -0.200602 -0.342761 -1.59444e-010  1.59082e-008 0.863058 -0.505105 -2.21266e-010  -0.397148 -0.463563 -0.792075 -3.68453e-010  -7.49091 -141.171 3.64138 1 ]
Camera "world" "float[2] shutteropening" [0 1]
EditEnd 
##streammarker7342
EditBegin "option" 
Identity 
#Camera perspShape
Clipping 0.1 10000
Projection "perspective" "fov" [54.4322]
ScreenWindow -1 1 -0.5625 0.5625
Shutter 0 0
ConcatTransform [ 0.917755 -0.200602 -0.342761 1.03256e-009  0 0.863058 -0.505105 4.8951e-010  -0.397148 -0.463563 -0.792075 -3.10441e-010  -7.49091 -141.171 2.43871 1 ]
Camera "world" "float[2] shutteropening" [0 1]
EditEnd 
##streammarker7343
EditBegin "option" 
Identity 
#Camera perspShape
Clipping 0.1 10000
Projection "perspective" "fov" [54.4322]
ScreenWindow -1 1 -0.5625 0.5625
Shutter 0 0
ConcatTransform [ 0.917755 -0.200602 -0.342761 1.92531e-009  -1.65818e-008 0.863058 -0.505105 -2.96208e-010  -0.397148 -0.463563 -0.792075 6.35845e-010  -7.49091 -141.171 1.64694 1 ]
Camera "world" "float[2] shutteropening" [0 1]
EditEnd 
##streammarker7344
EditBegin "option" 
Identity 
#Camera perspShape
Clipping 0.1 10000
Projection "perspective" "fov" [54.4322]
ScreenWindow -1 1 -0.5625 0.5625
Shutter 0 0
ConcatTransform [ 0.917755 -0.200602 -0.342762 -1.85291e-010  -1.1322e-008 0.863058 -0.505105 -2.70952e-010  -0.397148 -0.463563 -0.792075 -4.28181e-010  -7.49091 -141.171 0.474069 1 ]
Camera "world" "float[2] shutteropening" [0 1]
EditEnd 
##streammarker7345
EditBegin "option" 
Identity 
#Camera perspShape
Clipping 0.1 10000
Projection "perspective" "fov" [54.4322]
ScreenWindow -1 1 -0.5625 0.5625
Shutter 0 0
ConcatTransform [ 0.917755 -0.200601 -0.342761 -2.20721e-010  -5.70545e-009 0.863058 -0.505105 -3.24803e-010  -0.397148 -0.463563 -0.792075 -5.10057e-010  -7.49091 -141.171 0.0870116 1 ]
Camera "world" "float[2] shutteropening" [0 1]
EditEnd 
##streammarker7346
EditBegin "option" 
Identity 
#Camera perspShape
Clipping 0.1 10000
Projection "perspective" "fov" [54.4322]
ScreenWindow -1 1 -0.5625 0.5625
Shutter 0 0
ConcatTransform [ 0.917755 -0.200601 -0.342762 -1.30391e-010  -2.31762e-008 0.863058 -0.505105 -1.94282e-010  -0.397148 -0.463563 -0.792075 -3.01315e-010  -7.49091 -141.171 -0.68128 1 ]
Camera "world" "float[2] shutteropening" [0 1]
EditEnd 
##streammarker7347
EditBegin "option" 
Identity 
#Camera perspShape
Clipping 0.1 10000
Projection "perspective" "fov" [54.4322]
ScreenWindow -1 1 -0.5625 0.5625
Shutter 0 0
ConcatTransform [ 0.917755 -0.200601 -0.342762 2.40221e-010  0 0.863058 -0.505105 3.62343e-010  -0.397148 -0.463563 -0.792075 5.55119e-010  -7.49091 -141.171 -1.4419 1 ]
Camera "world" "float[2] shutteropening" [0 1]
EditEnd 
##streammarker7348
EditBegin "option" 
Identity 
#Camera perspShape
Clipping 0.1 10000
Projection "perspective" "fov" [54.4322]
ScreenWindow -1 1 -0.5625 0.5625
Shutter 0 0
ConcatTransform [ 0.917755 -0.200601 -0.342761 -1.84352e-010  0 0.863058 -0.505105 -2.84808e-010  -0.397148 -0.463563 -0.792075 -4.26012e-010  -7.49091 -141.171 -2.94042 1 ]
Camera "world" "float[2] shutteropening" [0 1]
EditEnd 
##streammarker7349
EditBegin "option" 
Identity 
#Camera perspShape
Clipping 0.1 10000
Projection "perspective" "fov" [54.4322]
ScreenWindow -1 1 -0.5625 0.5625
Shutter 0 0
ConcatTransform [ 0.917755 -0.200602 -0.342762 4.97578e-011  3.66096e-008 0.863058 -0.505105 7.73238e-011  -0.397148 -0.463563 -0.792075 1.14983e-010  -7.49091 -141.171 -3.31038 1 ]
Camera "world" "float[2] shutteropening" [0 1]
EditEnd 
##streammarker7350
EditBegin "option" 
Identity 
#Camera perspShape
Clipping 0.1 10000
Projection "perspective" "fov" [54.4322]
ScreenWindow -1 1 -0.5625 0.5625
Shutter 0 0
ConcatTransform [ 0.917755 -0.200602 -0.342762 1.30033e-009  -1.84356e-008 0.863058 -0.505105 5.59241e-010  -0.397148 -0.463563 -0.792075 -3.08853e-010  -7.49091 -141.171 -3.67848 1 ]
Camera "world" "float[2] shutteropening" [0 1]
EditEnd 
##streammarker7351
EditBegin "option" 
Identity 
#Camera perspShape
Clipping 0.1 10000
Projection "perspective" "fov" [54.4322]
ScreenWindow -1 1 -0.5625 0.5625
Shutter 0 0
ConcatTransform [ 0.917755 -0.200602 -0.342761 1.65143e-010  0 0.863058 -0.505105 2.62611e-010  -0.397148 -0.463563 -0.792075 3.81623e-010  -7.49091 -141.171 -4.77176 1 ]
Camera "world" "float[2] shutteropening" [0 1]
EditEnd 
##streammarker7352
EditBegin "option" 
Identity 
#Camera perspShape
Clipping 0.1 10000
Projection "perspective" "fov" [54.4322]
ScreenWindow -1 1 -0.5625 0.5625
Shutter 0 0
ConcatTransform [ 0.917755 -0.200601 -0.342762 1.07011e-009  -1.26376e-008 0.863058 -0.505105 1.17762e-010  -0.397148 -0.463563 -0.792075 -9.71168e-010  -7.49091 -141.171 -5.13256 1 ]
Camera "world" "float[2] shutteropening" [0 1]
EditEnd 
##streammarker7353
EditBegin "option" 
Identity 
#Camera perspShape
Clipping 0.1 10000
Projection "perspective" "fov" [54.4322]
ScreenWindow -1 1 -0.5625 0.5625
Shutter 0 0
ConcatTransform [ 0.917755 -0.200602 -0.342762 1.06932e-011  -1.28101e-008 0.863058 -0.505105 1.72926e-011  -0.397148 -0.463563 -0.792075 2.47104e-011  -7.49091 -141.171 -5.84872 1 ]
Camera "world" "float[2] shutteropening" [0 1]
EditEnd 
##streammarker7354
EditBegin "option" 
Identity 
#Camera perspShape
Clipping 0.1 10000
Projection "perspective" "fov" [54.4322]
ScreenWindow -1 1 -0.5625 0.5625
Shutter 0 0
ConcatTransform [ 0.917755 -0.200601 -0.342762 1.36076e-010  0 0.863058 -0.505105 2.21276e-010  -0.397148 -0.463563 -0.792075 3.14454e-010  -7.49091 -141.171 -6.20411 1 ]
Camera "world" "float[2] shutteropening" [0 1]
EditEnd 
##streammarker7355
EditBegin "option" 
Identity 
#Camera perspShape
Clipping 0.1 10000
Projection "perspective" "fov" [54.4322]
ScreenWindow -1 1 -0.5625 0.5625
Shutter 0 0
ConcatTransform [ 0.917755 -0.200601 -0.342761 -2.271e-011  2.5964e-008 0.863058 -0.505105 -3.7132e-011  -0.397148 -0.463563 -0.792075 -5.24797e-011  -7.49091 -141.171 -6.55772 1 ]
Camera "world" "float[2] shutteropening" [0 1]
EditEnd 
##streammarker7356
EditBegin "option" 
Identity 
#Camera perspShape
Clipping 0.1 10000
Projection "perspective" "fov" [54.4322]
ScreenWindow -1 1 -0.5625 0.5625
Shutter 0 0
ConcatTransform [ 0.917755 -0.200601 -0.342762 -1.32989e-010  0 0.863058 -0.505105 -2.18629e-010  -0.397148 -0.463563 -0.792075 -3.07319e-010  -7.49091 -141.171 -6.90957 1 ]
Camera "world" "float[2] shutteropening" [0 1]
EditEnd 
##streammarker7357
EditBegin "option" 
Identity 
#Camera perspShape
Clipping 0.1 10000
Projection "perspective" "fov" [54.4322]
ScreenWindow -1 1 -0.5625 0.5625
Shutter 0 0
ConcatTransform [ 0.917755 -0.200601 -0.342762 -1.32989e-010  0 0.863058 -0.505105 -2.18629e-010  -0.397148 -0.463563 -0.792075 -3.07319e-010  -7.49091 -141.171 -6.90957 1 ]
Camera "world" "float[2] shutteropening" [0 1]
EditEnd 
##streammarker7358
EditBegin "option" 
Identity 
#Camera perspShape
Clipping 0.1 10000
Projection "perspective" "fov" [54.4322]
ScreenWindow -1 1 -0.5625 0.5625
Shutter 0 0
ConcatTransform [ 0.917755 -0.200602 -0.342761 -1.59645e-010  6.53317e-009 0.863058 -0.505105 -2.62469e-010  -0.397148 -0.463563 -0.792075 -3.68918e-010  -7.49091 -141.081 -6.90956 1 ]
Camera "world" "float[2] shutteropening" [0 1]
EditEnd 
##streammarker7359
EditBegin "option" 
Identity 
#Camera perspShape
Clipping 0.1 10000
Projection "perspective" "fov" [54.4322]
ScreenWindow -1 1 -0.5625 0.5625
Shutter 0 0
ConcatTransform [ 0.917755 -0.200601 -0.342761 1.00302e-009  2.60417e-008 0.863058 -0.505105 -7.56704e-010  -0.397148 -0.463563 -0.792075 8.02568e-011  -7.58116 -141.081 -6.90957 1 ]
Camera "world" "float[2] shutteropening" [0 1]
EditEnd 
##streammarker7360
EditBegin "option" 
Identity 
#Camera perspShape
Clipping 0.1 10000
Projection "perspective" "fov" [54.4322]
ScreenWindow -1 1 -0.5625 0.5625
Shutter 0 0
ConcatTransform [ 0.917755 -0.200601 -0.342762 -2.59883e-010  -1.28859e-008 0.863058 -0.505105 -4.27239e-010  -0.397148 -0.463563 -0.792075 -6.00555e-010  -7.85189 -141.171 -6.90957 1 ]
Camera "world" "float[2] shutteropening" [0 1]
EditEnd 
##streammarker7361
EditBegin "option" 
Identity 
#Camera perspShape
Clipping 0.1 10000
Projection "perspective" "fov" [54.4322]
ScreenWindow -1 1 -0.5625 0.5625
Shutter 0 0
ConcatTransform [ 0.917755 -0.200601 -0.342762 -1.87152e-010  -1.91335e-008 0.863058 -0.505105 -3.07588e-010  -0.397148 -0.463563 -0.792075 -4.32483e-010  -8.12264 -141.532 -6.90957 1 ]
Camera "world" "float[2] shutteropening" [0 1]
EditEnd 
##streammarker7362
EditBegin "option" 
Identity 
#Camera perspShape
Clipping 0.1 10000
Projection "perspective" "fov" [54.4322]
ScreenWindow -1 1 -0.5625 0.5625
Shutter 0 0
ConcatTransform [ 0.917755 -0.200602 -0.342762 1.72033e-010  -1.88714e-008 0.863058 -0.505106 2.82662e-010  -0.397148 -0.463563 -0.792075 3.97544e-010  -8.48363 -141.893 -6.90956 1 ]
Camera "world" "float[2] shutteropening" [0 1]
EditEnd 
##streammarker7363
EditBegin "option" 
Identity 
#Camera perspShape
Clipping 0.1 10000
Projection "perspective" "fov" [54.4322]
ScreenWindow -1 1 -0.5625 0.5625
Shutter 0 0
ConcatTransform [ 0.917755 -0.200602 -0.342761 -4.77879e-011  0 0.863058 -0.505105 -7.85085e-011  -0.397148 -0.463563 -0.792075 -1.10431e-010  -8.66412 -142.074 -6.90957 1 ]
Camera "world" "float[2] shutteropening" [0 1]
EditEnd 
##streammarker7364
EditBegin "option" 
Identity 
#Camera perspShape
Clipping 0.1 10000
Projection "perspective" "fov" [54.4322]
ScreenWindow -1 1 -0.5625 0.5625
Shutter 0 0
ConcatTransform [ 0.917755 -0.200601 -0.342761 -2.95532e-010  -6.20619e-009 0.863058 -0.505105 -4.85353e-010  -0.397148 -0.463563 -0.792075 -6.82934e-010  -8.84462 -142.525 -6.90956 1 ]
Camera "world" "float[2] shutteropening" [0 1]
EditEnd 
##streammarker7365
EditBegin "option" 
Identity 
#Camera perspShape
Clipping 0.1 10000
Projection "perspective" "fov" [54.4322]
ScreenWindow -1 1 -0.5625 0.5625
Shutter 0 0
ConcatTransform [ 0.917755 -0.200602 -0.342762 2.17709e-010  1.21538e-008 0.863057 -0.505105 3.57401e-010  -0.397148 -0.463563 -0.792075 5.03096e-010  -9.38611 -143.067 -6.90956 1 ]
Camera "world" "float[2] shutteropening" [0 1]
EditEnd 
##streammarker7366
EditBegin "option" 
Identity 
#Camera perspShape
Clipping 0.1 10000
Projection "perspective" "fov" [54.4322]
ScreenWindow -1 1 -0.5625 0.5625
Shutter 0 0
ConcatTransform [ 0.917755 -0.200602 -0.342761 6.39674e-011  -5.99029e-009 0.863058 -0.505106 1.04991e-010  -0.397148 -0.463563 -0.792075 1.4782e-010  -9.74709 -143.337 -6.90956 1 ]
Camera "world" "float[2] shutteropening" [0 1]
EditEnd 
##streammarker7367
EditBegin "option" 
Identity 
#Camera perspShape
Clipping 0.1 10000
Projection "perspective" "fov" [54.4322]
ScreenWindow -1 1 -0.5625 0.5625
Shutter 0 0
ConcatTransform [ 0.917755 -0.200602 -0.342761 2.66869e-010  2.952e-008 0.863058 -0.505105 4.3793e-010  -0.397148 -0.463563 -0.792075 6.16698e-010  -10.1081 -143.608 -6.90957 1 ]
Camera "world" "float[2] shutteropening" [0 1]
EditEnd 
##streammarker7368
EditBegin "option" 
Identity 
#Camera perspShape
Clipping 0.1 10000
Projection "perspective" "fov" [54.4322]
ScreenWindow -1 1 -0.5625 0.5625
Shutter 0 0
ConcatTransform [ 0.917755 -0.200602 -0.342762 1.74958e-011  0 0.863058 -0.505106 2.87049e-011  -0.397148 -0.463563 -0.792075 4.04305e-011  -10.4691 -143.879 -6.90956 1 ]
Camera "world" "float[2] shutteropening" [0 1]
EditEnd 
##streammarker7369
EditBegin "option" 
Identity 
#Camera perspShape
Clipping 0.1 10000
Projection "perspective" "fov" [54.4322]
ScreenWindow -1 1 -0.5625 0.5625
Shutter 0 0
ConcatTransform [ 0.917755 -0.200601 -0.342761 -1.37452e-010  1.1507e-008 0.863058 -0.505105 -2.25483e-010  -0.397148 -0.463563 -0.792075 -3.17632e-010  -10.7398 -144.059 -6.90956 1 ]
Camera "world" "float[2] shutteropening" [0 1]
EditEnd 
##streammarker7370
EditBegin "option" 
Identity 
#Camera perspShape
Clipping 0.1 10000
Projection "perspective" "fov" [54.4322]
ScreenWindow -1 1 -0.5625 0.5625
Shutter 0 0
ConcatTransform [ 0.917755 -0.200602 -0.342762 -9.26674e-011  0 0.863058 -0.505105 -1.51937e-010  -0.397148 -0.463563 -0.792075 -2.14142e-010  -11.6423 -144.781 -6.90956 1 ]
Camera "world" "float[2] shutteropening" [0 1]
EditEnd 
##streammarker7371
EditBegin "option" 
Identity 
#Camera perspShape
Clipping 0.1 10000
Projection "perspective" "fov" [54.4322]
ScreenWindow -1 1 -0.5625 0.5625
Shutter 0 0
ConcatTransform [ 0.917755 -0.200601 -0.342761 -1.45467e-010  2.18215e-008 0.863058 -0.505105 -2.38477e-010  -0.397148 -0.463563 -0.792075 -3.36155e-010  -12.0033 -144.962 -6.90957 1 ]
Camera "world" "float[2] shutteropening" [0 1]
EditEnd 
##streammarker7372
EditBegin "option" 
Identity 
#Camera perspShape
Clipping 0.1 10000
Projection "perspective" "fov" [54.4322]
ScreenWindow -1 1 -0.5625 0.5625
Shutter 0 0
ConcatTransform [ 0.917755 -0.200602 -0.342761 1.25272e-010  -2.03743e-008 0.863058 -0.505105 2.05251e-010  -0.397148 -0.463563 -0.792075 2.89487e-010  -13.5375 -145.774 -6.90956 1 ]
Camera "world" "float[2] shutteropening" [0 1]
EditEnd 
##streammarker7373
EditBegin "option" 
Identity 
#Camera perspShape
Clipping 0.1 10000
Projection "perspective" "fov" [54.4322]
ScreenWindow -1 1 -0.5625 0.5625
Shutter 0 0
ConcatTransform [ 0.917755 -0.200602 -0.342762 1.21944e-010  -2.94246e-008 0.863058 -0.505105 1.99733e-010  -0.397148 -0.463563 -0.792075 2.81796e-010  -14.3497 -146.225 -6.90956 1 ]
Camera "world" "float[2] shutteropening" [0 1]
EditEnd 
##streammarker7374
EditBegin "option" 
Identity 
#Camera perspShape
Clipping 0.1 10000
Projection "perspective" "fov" [54.4322]
ScreenWindow -1 1 -0.5625 0.5625
Shutter 0 0
ConcatTransform [ 0.917755 -0.200601 -0.342762 -3.76833e-011  0 0.863058 -0.505105 -6.17142e-011  -0.397148 -0.463563 -0.792075 -8.70811e-011  -14.8912 -146.406 -6.90956 1 ]
Camera "world" "float[2] shutteropening" [0 1]
EditEnd 
##streammarker7375
EditBegin "option" 
Identity 
#Camera perspShape
Clipping 0.1 10000
Projection "perspective" "fov" [54.4322]
ScreenWindow -1 1 -0.5625 0.5625
Shutter 0 0
ConcatTransform [ 0.917754 -0.200602 -0.342762 2.91812e-010  9.46822e-009 0.863058 -0.505105 4.77871e-010  -0.397148 -0.463563 -0.792075 6.74338e-010  -15.0717 -146.496 -6.90957 1 ]
Camera "world" "float[2] shutteropening" [0 1]
EditEnd 
##streammarker7376
EditBegin "option" 
Identity 
#Camera perspShape
Clipping 0.1 10000
Projection "perspective" "fov" [54.4322]
ScreenWindow -1 1 -0.5625 0.5625
Shutter 0 0
ConcatTransform [ 0.917755 -0.200602 -0.342761 1.9588e-010  -1.76635e-008 0.863057 -0.505105 3.20672e-010  -0.397148 -0.463563 -0.792075 4.52652e-010  -16.4254 -146.947 -6.90957 1 ]
Camera "world" "float[2] shutteropening" [0 1]
EditEnd 
##streammarker7377
EditBegin "option" 
Identity 
#Camera perspShape
Clipping 0.1 10000
Projection "perspective" "fov" [54.4322]
ScreenWindow -1 1 -0.5625 0.5625
Shutter 0 0
ConcatTransform [ 0.917755 -0.200602 -0.342761 -1.41171e-010  0 0.863058 -0.505105 -2.3108e-010  -0.397148 -0.463563 -0.792075 -3.26228e-010  -16.7864 -147.128 -6.90957 1 ]
Camera "world" "float[2] shutteropening" [0 1]
EditEnd 
##streammarker7378
EditBegin "option" 
Identity 
#Camera perspShape
Clipping 0.1 10000
Projection "perspective" "fov" [54.4322]
ScreenWindow -1 1 -0.5625 0.5625
Shutter 0 0
ConcatTransform [ 0.917755 -0.200601 -0.342761 1.8718e-010  -1.6912e-008 0.863058 -0.505105 3.06352e-010  -0.397148 -0.463563 -0.792075 4.32548e-010  -17.2376 -147.308 -6.90957 1 ]
Camera "world" "float[2] shutteropening" [0 1]
EditEnd 
##streammarker7379
EditBegin "option" 
Identity 
#Camera perspShape
Clipping 0.1 10000
Projection "perspective" "fov" [54.4322]
ScreenWindow -1 1 -0.5625 0.5625
Shutter 0 0
ConcatTransform [ 0.917755 -0.200602 -0.342761 2.34513e-010  1.59818e-008 0.863057 -0.505105 3.83748e-010  -0.397148 -0.463563 -0.792075 5.41927e-010  -18.2304 -147.579 -6.90957 1 ]
Camera "world" "float[2] shutteropening" [0 1]
EditEnd 
##streammarker7380
EditBegin "option" 
Identity 
#Camera perspShape
Clipping 0.1 10000
Projection "perspective" "fov" [54.4322]
ScreenWindow -1 1 -0.5625 0.5625
Shutter 0 0
ConcatTransform [ 0.917755 -0.200601 -0.342761 8.14667e-011  0 0.863058 -0.505105 1.33284e-010  -0.397148 -0.463563 -0.792075 1.88259e-010  -19.3133 -147.85 -6.90957 1 ]
Camera "world" "float[2] shutteropening" [0 1]
EditEnd 
##streammarker7381
EditBegin "option" 
Identity 
#Camera perspShape
Clipping 0.1 10000
Projection "perspective" "fov" [54.4322]
ScreenWindow -1 1 -0.5625 0.5625
Shutter 0 0
ConcatTransform [ 0.917755 -0.200602 -0.342761 1.19554e-009  0 0.863058 -0.505106 -2.29936e-010  -0.397148 -0.463563 -0.792075 9.07651e-010  -20.3963 -148.121 -6.90956 1 ]
Camera "world" "float[2] shutteropening" [0 1]
EditEnd 
##streammarker7382
EditBegin "option" 
Identity 
#Camera perspShape
Clipping 0.1 10000
Projection "perspective" "fov" [54.4322]
ScreenWindow -1 1 -0.5625 0.5625
Shutter 0 0
ConcatTransform [ 0.917755 -0.200602 -0.342762 -1.68768e-010  1.33636e-008 0.863058 -0.505105 -2.76046e-010  -0.397148 -0.463563 -0.792075 -3.90001e-010  -21.0281 -148.211 -6.90958 1 ]
Camera "world" "float[2] shutteropening" [0 1]
EditEnd 
##streammarker7383
EditBegin "option" 
Identity 
#Camera perspShape
Clipping 0.1 10000
Projection "perspective" "fov" [54.4322]
ScreenWindow -1 1 -0.5625 0.5625
Shutter 0 0
ConcatTransform [ 0.917755 -0.200601 -0.342761 6.14021e-010  -6.39008e-008 0.863058 -0.505105 1.0042e-009  -0.397148 -0.463563 -0.792075 1.41892e-009  -21.6598 -148.391 -6.90956 1 ]
Camera "world" "float[2] shutteropening" [0 1]
EditEnd 
##streammarker7384
EditBegin "option" 
Identity 
#Camera perspShape
Clipping 0.1 10000
Projection "perspective" "fov" [54.4322]
ScreenWindow -1 1 -0.5625 0.5625
Shutter 0 0
ConcatTransform [ 0.917755 -0.200601 -0.342762 -2.64447e-011  0 0.863058 -0.505106 -4.32408e-011  -0.397148 -0.463563 -0.792075 -6.11099e-011  -22.472 -148.662 -6.90956 1 ]
Camera "world" "float[2] shutteropening" [0 1]
EditEnd 
##streammarker7385
EditBegin "option" 
Identity 
#Camera perspShape
Clipping 0.1 10000
Projection "perspective" "fov" [54.4322]
ScreenWindow -1 1 -0.5625 0.5625
Shutter 0 0
ConcatTransform [ 0.917754 -0.200603 -0.342762 2.16738e-009  -2.32352e-008 0.863058 -0.505105 -2.79324e-010  -0.397148 -0.463562 -0.792075 -1.421e-009  -22.9232 -148.752 -6.90958 1 ]
Camera "world" "float[2] shutteropening" [0 1]
EditEnd 
##streammarker7386
EditBegin "option" 
Identity 
#Camera perspShape
Clipping 0.1 10000
Projection "perspective" "fov" [54.4322]
ScreenWindow -1 1 -0.5625 0.5625
Shutter 0 0
ConcatTransform [ 0.917754 -0.200602 -0.342761 -1.42099e-010  5.6483e-008 0.863058 -0.505105 -2.32309e-010  -0.397148 -0.463562 -0.792075 -3.28371e-010  -23.2842 -148.933 -6.90959 1 ]
Camera "world" "float[2] shutteropening" [0 1]
EditEnd 
##streammarker7387
EditBegin "option" 
Identity 
#Camera perspShape
Clipping 0.1 10000
Projection "perspective" "fov" [54.4322]
ScreenWindow -1 1 -0.5625 0.5625
Shutter 0 0
ConcatTransform [ 0.917754 -0.200602 -0.342761 2.10143e-009  6.63026e-008 0.863058 -0.505105 8.20592e-012  -0.397148 -0.463562 -0.792075 -9.64702e-010  -23.555 -149.023 -6.90956 1 ]
Camera "world" "float[2] shutteropening" [0 1]
EditEnd 
##streammarker7388
EditBegin "option" 
Identity 
#Camera perspShape
Clipping 0.1 10000
Projection "perspective" "fov" [54.4322]
ScreenWindow -1 1 -0.5625 0.5625
Shutter 0 0
ConcatTransform [ 0.917754 -0.200602 -0.342762 3.69583e-009  4.18924e-008 0.863058 -0.505105 -6.33754e-010  -0.397148 -0.463563 -0.792075 2.94284e-011  -24.1867 -149.203 -6.90957 1 ]
Camera "world" "float[2] shutteropening" [0 1]
EditEnd 
##streammarker7389
EditBegin "option" 
Identity 
#Camera perspShape
Clipping 0.1 10000
Projection "perspective" "fov" [54.4322]
ScreenWindow -1 1 -0.5625 0.5625
Shutter 0 0
ConcatTransform [ 0.917755 -0.200601 -0.342762 4.22175e-009  2.06521e-008 0.863058 -0.505105 -1.53993e-011  -0.397148 -0.463563 -0.792075 8.90754e-010  -24.3672 -149.384 -6.90958 1 ]
Camera "world" "float[2] shutteropening" [0 1]
EditEnd 
##streammarker7390
EditBegin "option" 
Identity 
#Camera perspShape
Clipping 0.1 10000
Projection "perspective" "fov" [54.4322]
ScreenWindow -1 1 -0.5625 0.5625
Shutter 0 0
ConcatTransform [ 0.917754 -0.200602 -0.342762 3.39085e-010  -4.02751e-008 0.863058 -0.505106 5.5418e-010  -0.397148 -0.463563 -0.792075 7.83578e-010  -24.6379 -149.384 -6.90956 1 ]
Camera "world" "float[2] shutteropening" [0 1]
EditEnd 
##streammarker7391
EditBegin "option" 
Identity 
#Camera perspShape
Clipping 0.1 10000
Projection "perspective" "fov" [54.4322]
ScreenWindow -1 1 -0.5625 0.5625
Shutter 0 0
ConcatTransform [ 0.917755 -0.200602 -0.342761 1.6555e-010  -3.97398e-008 0.863057 -0.505105 2.70516e-010  -0.397148 -0.463563 -0.792075 3.82563e-010  -24.8184 -149.655 -6.90957 1 ]
Camera "world" "float[2] shutteropening" [0 1]
EditEnd 
##streammarker7392
EditBegin "option" 
Identity 
#Camera perspShape
Clipping 0.1 10000
Projection "perspective" "fov" [54.4322]
ScreenWindow -1 1 -0.5625 0.5625
Shutter 0 0
ConcatTransform [ 0.917754 -0.200602 -0.342762 3.11925e-010  -1.92361e-008 0.863057 -0.505105 5.09639e-010  -0.397148 -0.463563 -0.792075 7.20819e-010  -25.1794 -149.835 -6.90956 1 ]
Camera "world" "float[2] shutteropening" [0 1]
EditEnd 
##streammarker7393
EditBegin "option" 
Identity 
#Camera perspShape
Clipping 0.1 10000
Projection "perspective" "fov" [54.4322]
ScreenWindow -1 1 -0.5625 0.5625
Shutter 0 0
ConcatTransform [ 0.917755 -0.200602 -0.342761 2.19583e-011  -1.90651e-008 0.863058 -0.505106 3.58764e-011  -0.397148 -0.463563 -0.792075 5.07426e-011  -25.2697 -149.835 -6.90956 1 ]
Camera "world" "float[2] shutteropening" [0 1]
EditEnd 
##streammarker7394
EditBegin "option" 
Identity 
#Camera perspShape
Clipping 0.1 10000
Projection "perspective" "fov" [54.4322]
ScreenWindow -1 1 -0.5625 0.5625
Shutter 0 0
ConcatTransform [ 0.917754 -0.200602 -0.342762 -2.56748e-009  -1.87746e-008 0.863058 -0.505105 -2.32595e-010  -0.397148 -0.463563 -0.792075 1.33082e-009  -25.4502 -150.016 -6.90957 1 ]
Camera "world" "float[2] shutteropening" [0 1]
EditEnd 
##streammarker7395
EditBegin "option" 
Identity 
#Camera perspShape
Clipping 0.1 10000
Projection "perspective" "fov" [54.4322]
ScreenWindow -1 1 -0.5625 0.5625
Shutter 0 0
ConcatTransform [ 0.917755 -0.200601 -0.342762 -4.22309e-010  -1.86296e-008 0.863058 -0.505105 -6.89861e-010  -0.397148 -0.463563 -0.792075 -9.75898e-010  -25.5404 -150.106 -6.90957 1 ]
Camera "world" "float[2] shutteropening" [0 1]
EditEnd 
##streammarker7396
EditBegin "option" 
Identity 
#Camera perspShape
Clipping 0.1 10000
Projection "perspective" "fov" [54.4322]
ScreenWindow -1 1 -0.5625 0.5625
Shutter 0 0
ConcatTransform [ 0.917754 -0.200601 -0.342762 5.96339e-010  -3.66284e-008 0.863057 -0.505105 9.74089e-010  -0.397148 -0.463563 -0.792075 1.37806e-009  -25.7209 -150.196 -6.90957 1 ]
Camera "world" "float[2] shutteropening" [0 1]
EditEnd 
##streammarker7397
EditBegin "option" 
Identity 
#Camera perspShape
Clipping 0.1 10000
Projection "perspective" "fov" [54.4322]
ScreenWindow -1 1 -0.5625 0.5625
Shutter 0 0
ConcatTransform [ 0.917754 -0.200601 -0.342762 1.17859e-009  1.81436e-008 0.863058 -0.505105 2.83082e-010  -0.397148 -0.463563 -0.792075 -4.01646e-010  -25.8112 -150.196 -6.90957 1 ]
Camera "world" "float[2] shutteropening" [0 1]
EditEnd 
##streammarker7398
EditBegin "option" 
Identity 
#Camera perspShape
Clipping 0.1 10000
Projection "perspective" "fov" [54.4322]
ScreenWindow -1 1 -0.5625 0.5625
Shutter 0 0
ConcatTransform [ 0.917755 -0.200602 -0.342761 -2.25232e-009  0 0.863057 -0.505105 -3.51234e-010  -0.397148 -0.463563 -0.792075 1.10973e-009  -25.8112 -150.286 -6.90957 1 ]
Camera "world" "float[2] shutteropening" [0 1]
EditEnd 
##streammarker7399
EditBegin "option" 
Identity 
#Camera perspShape
Clipping 0.1 10000
Projection "perspective" "fov" [54.4322]
ScreenWindow -1 1 -0.5625 0.5625
Shutter 0 0
ConcatTransform [ 0.917755 -0.200602 -0.342762 2.99819e-009  -1.79992e-008 0.863058 -0.505105 2.0307e-010  -0.397148 -0.463563 -0.792075 -2.10007e-009  -25.9014 -150.286 -6.90957 1 ]
Camera "world" "float[2] shutteropening" [0 1]
EditEnd 
##streammarker7400
EditBegin "option" 
Identity 
#Camera perspShape
Clipping 0.1 10000
Projection "perspective" "fov" [54.4322]
ScreenWindow -1 1 -0.5625 0.5625
Shutter 0 0
ConcatTransform [ 0.917754 -0.200602 -0.342762 5.1325e-010  -3.571e-008 0.863057 -0.505105 8.38265e-010  -0.397148 -0.463563 -0.792075 1.18605e-009  -25.9917 -150.377 -6.90958 1 ]
Camera "world" "float[2] shutteropening" [0 1]
EditEnd 
##streammarker7401
EditBegin "option" 
Identity 
#Camera perspShape
Clipping 0.1 10000
Projection "perspective" "fov" [54.4322]
ScreenWindow -1 1 -0.5625 0.5625
Shutter 0 0
ConcatTransform [ 0.917754 -0.200602 -0.342762 2.85405e-010  -7.01627e-008 0.863058 -0.505106 4.6611e-010  -0.397148 -0.463563 -0.792075 6.59532e-010  -26.1721 -150.467 -6.90953 1 ]
Camera "world" "float[2] shutteropening" [0 1]
EditEnd 
##streammarker7402
EditBegin "option" 
Identity 
#Camera perspShape
Clipping 0.1 10000
Projection "perspective" "fov" [54.4322]
ScreenWindow -1 1 -0.5625 0.5625
Shutter 0 0
ConcatTransform [ 0.917754 -0.200602 -0.342761 -1.68744e-010  0 0.863058 -0.505106 -2.75568e-010  -0.397148 -0.463562 -0.792075 -3.89943e-010  -26.3526 -150.557 -6.90955 1 ]
Camera "world" "float[2] shutteropening" [0 1]
EditEnd 
##streammarker7403
EditBegin "option" 
Identity 
#Camera perspShape
Clipping 0.1 10000
Projection "perspective" "fov" [54.4322]
ScreenWindow -1 1 -0.5625 0.5625
Shutter 0 0
ConcatTransform [ 0.917755 -0.200601 -0.342762 -2.37281e-010  -1.69132e-008 0.863058 -0.505105 -3.8747e-010  -0.397148 -0.463563 -0.792075 -5.48324e-010  -26.5332 -150.647 -6.90959 1 ]
Camera "world" "float[2] shutteropening" [0 1]
EditEnd 
##streammarker7404
EditBegin "option" 
Identity 
#Camera perspShape
Clipping 0.1 10000
Projection "perspective" "fov" [54.4322]
ScreenWindow -1 1 -0.5625 0.5625
Shutter 0 0
