##RenderMan RIB
version 3.04
EditBegin "attribute" 
EditEnd 
Option "rerender" "int[2] lodrange" [0 0]
##streammarker1
EditBegin "option" 
Identity 
#Camera Camera_03Shape
Clipping 0.1 10000
Projection "perspective" "fov" [54.4322]
ScreenWindow -1 1 -0.5625 0.5625
Shutter 0 0
ConcatTransform [ 0.736097 -0.26598 -0.622427 2.0414e-010  2.71277e-008 0.919559 -0.392953 2.31889e-011  -0.676876 -0.289251 -0.676885 -2.01178e-010  14.58 -165.612 2.96137 1 ]
Camera "world" "float[2] shutteropening" [0 1]
EditEnd 
##streammarker2
EditBegin "option" 
Identity 
#Camera Camera_03Shape
Clipping 0.1 10000
Projection "perspective" "fov" [54.4322]
ScreenWindow -1 1 -0.5625 0.5625
Shutter 0 0
ConcatTransform [ 0.736097 -0.26598 -0.622427 2.0414e-010  2.71277e-008 0.919559 -0.392953 2.31889e-011  -0.676876 -0.289251 -0.676885 -2.01178e-010  14.58 -165.612 2.96137 1 ]
Camera "world" "float[2] shutteropening" [0 1]
EditEnd 
##streammarker3
EditBegin "option" 
Identity 
#Camera Camera_03Shape
Clipping 0.1 10000
Projection "perspective" "fov" [54.4322]
ScreenWindow -1 1 -0.5625 0.5625
Shutter 0 0
ConcatTransform [ 0.736097 -0.26598 -0.622427 2.0414e-010  2.71277e-008 0.919559 -0.392953 2.31889e-011  -0.676876 -0.289251 -0.676885 -2.01178e-010  14.58 -165.612 2.96137 1 ]
Camera "world" "float[2] shutteropening" [0 1]
EditEnd 
##streammarker4
EditBegin "option" 
Identity 
#Camera Camera_03Shape
Clipping 0.1 10000
Projection "perspective" "fov" [54.4322]
ScreenWindow -1 1 -0.5625 0.5625
Shutter 0 0
ConcatTransform [ 0.736097 -0.26598 -0.622427 2.0414e-010  2.71277e-008 0.919559 -0.392953 2.31889e-011  -0.676876 -0.289251 -0.676885 -2.01178e-010  14.58 -165.612 2.96137 1 ]
Camera "world" "float[2] shutteropening" [0 1]
EditEnd 
##streammarker5
EditBegin "option" 
Identity 
#Camera Camera_03Shape
Clipping 0.1 10000
Projection "perspective" "fov" [54.4322]
ScreenWindow -1 1 -0.5625 0.5625
Shutter 0 0
ConcatTransform [ 0.736097 -0.26598 -0.622427 2.0414e-010  2.71277e-008 0.919559 -0.392953 2.31889e-011  -0.676876 -0.289251 -0.676885 -2.01178e-010  14.58 -165.612 2.96137 1 ]
Camera "world" "float[2] shutteropening" [0 1]
EditEnd 
##streammarker6
EditBegin "option" 
Identity 
#Camera Camera_03Shape
Clipping 0.1 10000
Projection "perspective" "fov" [54.4322]
ScreenWindow -1 1 -0.5625 0.5625
Shutter 0 0
ConcatTransform [ 0.736097 -0.26598 -0.622427 2.0414e-010  2.71277e-008 0.919559 -0.392953 2.31889e-011  -0.676876 -0.289251 -0.676885 -2.01178e-010  14.58 -165.612 2.96137 1 ]
Camera "world" "float[2] shutteropening" [0 1]
EditEnd 
##streammarker7
EditBegin "option" 
Identity 
#Camera Camera_03Shape
Clipping 0.1 10000
Projection "perspective" "fov" [54.4322]
ScreenWindow -1 1 -0.5625 0.5625
Shutter 0 0
ConcatTransform [ 0.736097 -0.26598 -0.622427 2.0414e-010  2.71277e-008 0.919559 -0.392953 2.31889e-011  -0.676876 -0.289251 -0.676885 -2.01178e-010  14.58 -165.612 2.96137 1 ]
Camera "world" "float[2] shutteropening" [0 1]
EditEnd 
##streammarker8
EditBegin "option" 
Identity 
#Camera Camera_03Shape
Clipping 0.1 10000
Projection "perspective" "fov" [54.4322]
ScreenWindow -1 1 -0.5625 0.5625
Shutter 0 0
ConcatTransform [ 0.736097 -0.26598 -0.622427 2.0414e-010  2.71277e-008 0.919559 -0.392953 2.31889e-011  -0.676876 -0.289251 -0.676885 -2.01178e-010  14.58 -165.612 2.96137 1 ]
Camera "world" "float[2] shutteropening" [0 1]
EditEnd 
##streammarker9
EditBegin "option" 
Identity 
#Camera Camera_03Shape
Clipping 0.1 10000
Projection "perspective" "fov" [54.4322]
ScreenWindow -1 1 -0.5625 0.5625
Shutter 0 0
ConcatTransform [ 0.736097 -0.26598 -0.622427 2.0414e-010  2.71277e-008 0.919559 -0.392953 2.31889e-011  -0.676876 -0.289251 -0.676885 -2.01178e-010  14.58 -165.612 2.96137 1 ]
Camera "world" "float[2] shutteropening" [0 1]
EditEnd 
##streammarker10
EditBegin "option" 
Identity 
#Camera Camera_03Shape
Clipping 0.1 10000
Projection "perspective" "fov" [54.4322]
ScreenWindow -1 1 -0.5625 0.5625
Shutter 0 0
ConcatTransform [ 0.736097 -0.26598 -0.622427 2.0414e-010  2.71277e-008 0.919559 -0.392953 2.31889e-011  -0.676876 -0.289251 -0.676885 -2.01178e-010  14.58 -165.612 2.96137 1 ]
Camera "world" "float[2] shutteropening" [0 1]
EditEnd 
##streammarker11
EditBegin "option" 
Identity 
#Camera Camera_03Shape
Clipping 0.1 10000
Projection "perspective" "fov" [54.4322]
ScreenWindow -1 1 -0.5625 0.5625
Shutter 0 0
ConcatTransform [ 0.736097 -0.26598 -0.622427 2.0414e-010  2.71277e-008 0.919559 -0.392953 2.31889e-011  -0.676876 -0.289251 -0.676885 -2.01178e-010  14.58 -165.612 2.96137 1 ]
Camera "world" "float[2] shutteropening" [0 1]
EditEnd 
##streammarker12
EditBegin "option" 
Identity 
#Camera Camera_03Shape
Clipping 0.1 10000
Projection "perspective" "fov" [54.4322]
ScreenWindow -1 1 -0.5625 0.5625
Shutter 0 0
ConcatTransform [ 0.736097 -0.26598 -0.622427 2.0414e-010  2.71277e-008 0.919559 -0.392953 2.31889e-011  -0.676876 -0.289251 -0.676885 -2.01178e-010  14.58 -165.612 2.96137 1 ]
Camera "world" "float[2] shutteropening" [0 1]
EditEnd 
##streammarker13
EditBegin "option" 
Identity 
#Camera Camera_03Shape
Clipping 0.1 10000
Projection "perspective" "fov" [54.4322]
ScreenWindow -1 1 -0.5625 0.5625
Shutter 0 0
ConcatTransform [ 0.736097 -0.26598 -0.622427 2.0414e-010  2.71277e-008 0.919559 -0.392953 2.31889e-011  -0.676876 -0.289251 -0.676885 -2.01178e-010  14.58 -165.612 2.96137 1 ]
Camera "world" "float[2] shutteropening" [0 1]
EditEnd 
##streammarker14
EditBegin "option" 
Identity 
#Camera Camera_03Shape
Clipping 0.1 10000
Projection "perspective" "fov" [54.4322]
ScreenWindow -1 1 -0.5625 0.5625
Shutter 0 0
ConcatTransform [ 0.736097 -0.26598 -0.622427 2.0414e-010  2.71277e-008 0.919559 -0.392953 2.31889e-011  -0.676876 -0.289251 -0.676885 -2.01178e-010  14.58 -165.612 2.96137 1 ]
Camera "world" "float[2] shutteropening" [0 1]
EditEnd 
##streammarker15
EditBegin "option" 
Identity 
#Camera Camera_03Shape
Clipping 0.1 10000
Projection "perspective" "fov" [54.4322]
ScreenWindow -1 1 -0.5625 0.5625
Shutter 0 0
ConcatTransform [ 0.736097 -0.26598 -0.622427 2.0414e-010  2.71277e-008 0.919559 -0.392953 2.31889e-011  -0.676876 -0.289251 -0.676885 -2.01178e-010  14.58 -165.612 2.96137 1 ]
Camera "world" "float[2] shutteropening" [0 1]
EditEnd 
##streammarker16
EditBegin "option" 
Identity 
#Camera Camera_03Shape
Clipping 0.1 10000
Projection "perspective" "fov" [54.4322]
ScreenWindow -1 1 -0.5625 0.5625
Shutter 0 0
ConcatTransform [ 0.736097 -0.26598 -0.622427 2.0414e-010  2.71277e-008 0.919559 -0.392953 2.31889e-011  -0.676876 -0.289251 -0.676885 -2.01178e-010  14.58 -165.612 2.96137 1 ]
Camera "world" "float[2] shutteropening" [0 1]
EditEnd 
##streammarker17
EditBegin "option" 
Identity 
#Camera Camera_03Shape
Clipping 0.1 10000
Projection "perspective" "fov" [54.4322]
ScreenWindow -1 1 -0.5625 0.5625
Shutter 0 0
ConcatTransform [ 0.736097 -0.26598 -0.622427 2.0414e-010  2.71277e-008 0.919559 -0.392953 2.31889e-011  -0.676876 -0.289251 -0.676885 -2.01178e-010  14.58 -165.612 2.96137 1 ]
Camera "world" "float[2] shutteropening" [0 1]
EditEnd 
##streammarker18
EditBegin "option" 
Identity 
#Camera Camera_03Shape
Clipping 0.1 10000
Projection "perspective" "fov" [54.4322]
ScreenWindow -1 1 -0.5625 0.5625
Shutter 0 0
ConcatTransform [ 0.736097 -0.26598 -0.622427 2.0414e-010  2.71277e-008 0.919559 -0.392953 2.31889e-011  -0.676876 -0.289251 -0.676885 -2.01178e-010  14.58 -165.612 2.96137 1 ]
Camera "world" "float[2] shutteropening" [0 1]
EditEnd 
##streammarker19
EditBegin "option" 
Identity 
#Camera Camera_03Shape
Clipping 0.1 10000
Projection "perspective" "fov" [54.4322]
ScreenWindow -1 1 -0.5625 0.5625
Shutter 0 0
ConcatTransform [ 0.736097 -0.26598 -0.622427 2.0414e-010  2.71277e-008 0.919559 -0.392953 2.31889e-011  -0.676876 -0.289251 -0.676885 -2.01178e-010  14.58 -165.612 2.96137 1 ]
Camera "world" "float[2] shutteropening" [0 1]
EditEnd 
##streammarker20
EditBegin "option" 
Identity 
#Camera Camera_03Shape
Clipping 0.1 10000
Projection "perspective" "fov" [54.4322]
ScreenWindow -1 1 -0.5625 0.5625
Shutter 0 0
ConcatTransform [ 0.736097 -0.26598 -0.622427 2.0414e-010  2.71277e-008 0.919559 -0.392953 2.31889e-011  -0.676876 -0.289251 -0.676885 -2.01178e-010  14.58 -165.612 2.96137 1 ]
Camera "world" "float[2] shutteropening" [0 1]
EditEnd 
##streammarker21
EditBegin "option" 
Identity 
#Camera Camera_03Shape
Clipping 0.1 10000
Projection "perspective" "fov" [54.4322]
ScreenWindow -1 1 -0.5625 0.5625
Shutter 0 0
ConcatTransform [ 0.736097 -0.26598 -0.622427 2.0414e-010  2.71277e-008 0.919559 -0.392953 2.31889e-011  -0.676876 -0.289251 -0.676885 -2.01178e-010  14.58 -165.612 2.96137 1 ]
Camera "world" "float[2] shutteropening" [0 1]
EditEnd 
##streammarker22
EditBegin "option" 
Identity 
#Camera Camera_03Shape
Clipping 0.1 10000
Projection "perspective" "fov" [54.4322]
ScreenWindow -1 1 -0.5625 0.5625
Shutter 0 0
ConcatTransform [ 0.736097 -0.26598 -0.622427 2.0414e-010  2.71277e-008 0.919559 -0.392953 2.31889e-011  -0.676876 -0.289251 -0.676885 -2.01178e-010  14.58 -165.612 2.96137 1 ]
Camera "world" "float[2] shutteropening" [0 1]
EditEnd 
##streammarker23
EditBegin "attribute" "string scopename" ["Camera_03"]
Transform [ 1.79787 0 -1.65323 0  -0.64964 2.24596 -0.706478 0  1.52024 0.959762 1.65325 0  -52.9385 153.453 -36.0301 1 ]
EditEnd 
##streammarker24
EditBegin "option" 
Identity 
#Camera Camera_03Shape
Clipping 0.1 10000
Projection "perspective" "fov" [54.4322]
ScreenWindow -1 1 -0.5625 0.5625
Shutter 0 0
ConcatTransform [ 0.736097 -0.26598 -0.622427 -1.05263e-010  -2.03458e-008 0.919559 -0.392953 -1.19571e-011  -0.676876 -0.289251 -0.676884 1.03735e-010  14.58 -165.612 2.96137 1 ]
Camera "world" "float[2] shutteropening" [0 1]
EditEnd 
##streammarker25
EditBegin "attribute" "string scopename" ["Camera_03"]
Transform [ 2.30348 0 -2.11815 0  -0.832334 2.87758 -0.905157 0  1.94777 1.22967 2.11818 0  -52.9385 153.453 -36.0301 1 ]
EditEnd 
##streammarker26
EditBegin "option" 
Identity 
#Camera Camera_03Shape
Clipping 0.1 10000
Projection "perspective" "fov" [54.4322]
ScreenWindow -1 1 -0.5625 0.5625
Shutter 0 0
ConcatTransform [ 0.736097 -0.26598 -0.622427 2.0414e-010  -1.35638e-008 0.919559 -0.392953 2.31889e-011  -0.676876 -0.289251 -0.676885 -2.01178e-010  14.58 -165.612 2.96137 1 ]
Camera "world" "float[2] shutteropening" [0 1]
EditEnd 
##streammarker27
EditBegin "option" 
Identity 
#Camera Camera_03Shape
Clipping 0.1 10000
Projection "perspective" "fov" [54.4322]
ScreenWindow -1 1 -0.5625 0.5625
Shutter 0 0
ConcatTransform [ 0.736097 -0.26598 -0.622427 2.0414e-010  6.78192e-009 0.919559 -0.392953 2.31889e-011  -0.676876 -0.289251 -0.676885 -2.01178e-010  14.58 -165.612 2.96137 1 ]
Camera "world" "float[2] shutteropening" [0 1]
EditEnd 
##streammarker28
EditBegin "attribute" "string scopename" ["Camera_03"]
Transform [ 3.06188 0 -2.81555 0  -1.10638 3.82501 -1.20318 0  2.58906 1.63453 2.81558 0  -52.9385 153.453 -36.0301 1 ]
EditEnd 
##streammarker29
EditBegin "option" 
Identity 
#Camera Camera_03Shape
Clipping 0.1 10000
Projection "perspective" "fov" [54.4322]
ScreenWindow -1 1 -0.5625 0.5625
Shutter 0 0
ConcatTransform [ 0.736097 -0.26598 -0.622427 -1.05263e-010  -2.03458e-008 0.919559 -0.392953 -1.19571e-011  -0.676876 -0.289251 -0.676884 1.03735e-010  14.58 -165.612 2.96137 1 ]
Camera "world" "float[2] shutteropening" [0 1]
EditEnd 
##streammarker30
EditBegin "attribute" "string scopename" ["Camera_03"]
Transform [ 3.92141 0 -3.60593 0  -1.41696 4.89877 -1.54093 0  3.31586 2.09338 3.60597 0  -52.9385 153.453 -36.0301 1 ]
EditEnd 
##streammarker31
EditBegin "option" 
Identity 
#Camera Camera_03Shape
Clipping 0.1 10000
Projection "perspective" "fov" [54.4322]
ScreenWindow -1 1 -0.5625 0.5625
Shutter 0 0
ConcatTransform [ 0.736097 -0.26598 -0.622427 2.0414e-010  2.03458e-008 0.919559 -0.392953 2.31889e-011  -0.676876 -0.289251 -0.676884 -2.01178e-010  14.58 -165.612 2.96137 1 ]
Camera "world" "float[2] shutteropening" [0 1]
EditEnd 
##streammarker32
EditBegin "attribute" "string scopename" ["Camera_03"]
Transform [ 4.27534 0 -3.93138 0  -1.54484 5.3409 -1.68001 0  3.61513 2.28232 3.93142 0  -52.9385 153.453 -36.0301 1 ]
EditEnd 
##streammarker33
EditBegin "option" 
Identity 
#Camera Camera_03Shape
Clipping 0.1 10000
Projection "perspective" "fov" [54.4322]
ScreenWindow -1 1 -0.5625 0.5625
Shutter 0 0
ConcatTransform [ 0.736097 -0.26598 -0.622427 -1.24432e-010  6.78192e-009 0.919559 -0.392953 -1.41346e-011  -0.676876 -0.289251 -0.676884 1.22626e-010  14.58 -165.612 2.96137 1 ]
Camera "world" "float[2] shutteropening" [0 1]
EditEnd 
##streammarker34
EditBegin "attribute" "string scopename" ["Camera_03"]
Transform [ 4.62926 0 -4.25682 0  -1.67273 5.78304 -1.81908 0  3.9144 2.47125 4.25688 0  -52.9385 153.453 -36.0301 1 ]
EditEnd 
##streammarker35
EditBegin "option" 
Identity 
#Camera Camera_03Shape
Clipping 0.1 10000
Projection "perspective" "fov" [54.4322]
ScreenWindow -1 1 -0.5625 0.5625
Shutter 0 0
ConcatTransform [ 0.736097 -0.26598 -0.622427 2.0414e-010  0 0.919559 -0.392953 2.31889e-011  -0.676876 -0.289251 -0.676884 -2.01178e-010  14.58 -165.612 2.96137 1 ]
Camera "world" "float[2] shutteropening" [0 1]
EditEnd 
##streammarker36
EditBegin "attribute" "string scopename" ["Camera_03"]
Transform [ 5.08431 0 -4.67526 0  -1.83716 6.3515 -1.99789 0  4.29918 2.71417 4.67532 0  -52.9385 153.453 -36.0301 1 ]
EditEnd 
##streammarker37
EditBegin "option" 
Identity 
#Camera Camera_03Shape
Clipping 0.1 10000
Projection "perspective" "fov" [54.4322]
ScreenWindow -1 1 -0.5625 0.5625
Shutter 0 0
ConcatTransform [ 0.736097 -0.26598 -0.622427 2.0414e-010  -2.03458e-008 0.919559 -0.392953 2.31889e-011  -0.676876 -0.289251 -0.676884 -2.01178e-010  14.58 -165.612 2.96137 1 ]
Camera "world" "float[2] shutteropening" [0 1]
EditEnd 
##streammarker38
EditBegin "option" 
Identity 
#Camera Camera_03Shape
Clipping 0.1 10000
Projection "perspective" "fov" [54.4322]
ScreenWindow -1 1 -0.5625 0.5625
Shutter 0 0
ConcatTransform [ 0.736097 -0.26598 -0.622427 -1.05263e-010  0 0.919559 -0.392953 -1.19571e-011  -0.676876 -0.289251 -0.676884 1.03735e-010  14.58 -165.612 2.96136 1 ]
Camera "world" "float[2] shutteropening" [0 1]
EditEnd 
##streammarker39
EditBegin "attribute" "string scopename" ["Camera_03"]
Transform [ 5.38767 0 -4.95422 0  -1.94677 6.73047 -2.1171 0  4.55569 2.87612 4.95428 0  -52.9385 153.453 -36.0301 1 ]
EditEnd 
##streammarker40
EditBegin "option" 
Identity 
#Camera Camera_03Shape
Clipping 0.1 10000
Projection "perspective" "fov" [54.4322]
ScreenWindow -1 1 -0.5625 0.5625
Shutter 0 0
ConcatTransform [ 0.736097 -0.265981 -0.622427 1.84971e-010  2.03458e-008 0.919559 -0.392953 2.10114e-011  -0.676876 -0.289251 -0.676885 -1.82287e-010  14.58 -165.612 2.96137 1 ]
Camera "world" "float[2] shutteropening" [0 1]
EditEnd 
##streammarker41
EditBegin "attribute" "string scopename" ["Camera_03"]
Transform [ 5.84272 0 -5.37265 0  -2.1112 7.29893 -2.29591 0  4.94047 3.11903 5.37272 0  -52.9385 153.453 -36.0301 1 ]
EditEnd 
##streammarker42
EditBegin "option" 
Identity 
#Camera Camera_03Shape
Clipping 0.1 10000
Projection "perspective" "fov" [54.4322]
ScreenWindow -1 1 -0.5625 0.5625
Shutter 0 0
ConcatTransform [ 0.736097 -0.26598 -0.622427 2.0414e-010  -1.35638e-008 0.919559 -0.392953 2.31889e-011  -0.676876 -0.289251 -0.676885 -2.01178e-010  14.58 -165.612 2.96137 1 ]
Camera "world" "float[2] shutteropening" [0 1]
EditEnd 
##streammarker43
EditBegin "option" 
Identity 
#Camera Camera_03Shape
Clipping 0.1 10000
Projection "perspective" "fov" [54.4322]
ScreenWindow -1 1 -0.5625 0.5625
Shutter 0 0
ConcatTransform [ 0.736097 -0.26598 -0.622427 2.0414e-010  -2.03458e-008 0.919559 -0.392953 2.31889e-011  -0.676876 -0.289251 -0.676884 -2.01178e-010  14.58 -165.612 2.96137 1 ]
Camera "world" "float[2] shutteropening" [0 1]
EditEnd 
##streammarker44
EditBegin "attribute" "string scopename" ["Camera_03"]
Transform [ 6.85393 0 -6.30251 0  -2.47659 8.56217 -2.69327 0  5.79553 3.65885 6.30259 0  -52.9385 153.453 -36.0301 1 ]
EditEnd 
##streammarker45
EditBegin "option" 
Identity 
#Camera Camera_03Shape
Clipping 0.1 10000
Projection "perspective" "fov" [54.4322]
ScreenWindow -1 1 -0.5625 0.5625
Shutter 0 0
ConcatTransform [ 0.736097 -0.26598 -0.622427 -1.24432e-010  -2.03458e-008 0.919559 -0.392953 -1.41346e-011  -0.676876 -0.289251 -0.676884 1.22626e-010  14.58 -165.612 2.96137 1 ]
Camera "world" "float[2] shutteropening" [0 1]
EditEnd 
##streammarker46
EditBegin "attribute" "string scopename" ["Camera_03"]
Transform [ 7.25841 0 -6.67445 0  -2.62274 9.06747 -2.85221 0  6.13755 3.87478 6.67454 0  -52.9385 153.453 -36.0301 1 ]
EditEnd 
##streammarker47
EditBegin "option" 
Identity 
#Camera Camera_03Shape
Clipping 0.1 10000
Projection "perspective" "fov" [54.4322]
ScreenWindow -1 1 -0.5625 0.5625
Shutter 0 0
ConcatTransform [ 0.736097 -0.26598 -0.622427 2.0414e-010  2.71277e-008 0.919559 -0.392953 2.31889e-011  -0.676876 -0.289251 -0.676884 -2.01178e-010  14.58 -165.612 2.96136 1 ]
Camera "world" "float[2] shutteropening" [0 1]
EditEnd 
##streammarker48
EditBegin "attribute" "string scopename" ["Camera_03"]
Transform [ 7.56178 0 -6.95341 0  -2.73236 9.44644 -2.97142 0  6.39407 4.03672 6.9535 0  -52.9385 153.453 -36.0301 1 ]
EditEnd 
##streammarker49
EditBegin "option" 
Identity 
#Camera Camera_03Shape
Clipping 0.1 10000
Projection "perspective" "fov" [54.4322]
ScreenWindow -1 1 -0.5625 0.5625
Shutter 0 0
ConcatTransform [ 0.736097 -0.26598 -0.622427 2.0414e-010  2.71277e-008 0.919559 -0.392953 2.31889e-011  -0.676876 -0.289251 -0.676885 -2.01178e-010  14.58 -165.612 2.96137 1 ]
Camera "world" "float[2] shutteropening" [0 1]
EditEnd 
##streammarker50
EditBegin "attribute" "string scopename" ["Camera_03"]
Transform [ 8.21906 0 -7.55782 0  -2.96986 10.2675 -3.2297 0  6.94986 4.38761 7.55791 0  -52.9385 153.453 -36.0301 1 ]
EditEnd 
##streammarker51
EditBegin "option" 
Identity 
#Camera Camera_03Shape
Clipping 0.1 10000
Projection "perspective" "fov" [54.4322]
ScreenWindow -1 1 -0.5625 0.5625
Shutter 0 0
ConcatTransform [ 0.736097 -0.26598 -0.622427 2.0414e-010  -2.03458e-008 0.919559 -0.392953 2.31889e-011  -0.676876 -0.289251 -0.676884 -2.01178e-010  14.58 -165.612 2.96137 1 ]
Camera "world" "float[2] shutteropening" [0 1]
EditEnd 
##streammarker52
EditBegin "attribute" "string scopename" ["Camera_03"]
Transform [ 8.77523 0 -8.06924 0  -3.17083 10.9623 -3.44825 0  7.42014 4.68451 8.06934 0  -52.9385 153.453 -36.0301 1 ]
EditEnd 
##streammarker53
EditBegin "option" 
Identity 
#Camera Camera_03Shape
Clipping 0.1 10000
Projection "perspective" "fov" [54.4322]
ScreenWindow -1 1 -0.5625 0.5625
Shutter 0 0
ConcatTransform [ 0.736097 -0.26598 -0.622427 2.0414e-010  2.03458e-008 0.919559 -0.392953 2.31889e-011  -0.676876 -0.289251 -0.676884 -2.01178e-010  14.58 -165.612 2.96137 1 ]
Camera "world" "float[2] shutteropening" [0 1]
EditEnd 
##streammarker54
EditBegin "attribute" "string scopename" ["Camera_03"]
Transform [ 9.43252 0 -8.67365 0  -3.40833 11.7834 -3.70653 0  7.97593 5.03539 8.67375 0  -52.9385 153.453 -36.0301 1 ]
EditEnd 
##streammarker55
EditBegin "option" 
Identity 
#Camera Camera_03Shape
Clipping 0.1 10000
Projection "perspective" "fov" [54.4322]
ScreenWindow -1 1 -0.5625 0.5625
Shutter 0 0
ConcatTransform [ 0.736097 -0.26598 -0.622427 2.0414e-010  -1.35638e-008 0.919559 -0.392953 2.31889e-011  -0.676876 -0.289251 -0.676885 -2.01178e-010  14.58 -165.612 2.96137 1 ]
Camera "world" "float[2] shutteropening" [0 1]
EditEnd 
##streammarker56
EditBegin "attribute" "string scopename" ["Camera_03"]
Transform [ 10.1404 0 -9.32454 0  -3.66411 12.6677 -3.98468 0  8.57447 5.41326 9.32466 0  -52.9385 153.453 -36.0301 1 ]
EditEnd 
##streammarker57
EditBegin "option" 
Identity 
#Camera Camera_03Shape
Clipping 0.1 10000
Projection "perspective" "fov" [54.4322]
ScreenWindow -1 1 -0.5625 0.5625
Shutter 0 0
ConcatTransform [ 0.736097 -0.265981 -0.622427 1.84971e-010  0 0.919559 -0.392953 2.10114e-011  -0.676876 -0.289251 -0.676885 -1.82287e-010  14.58 -165.612 2.96137 1 ]
Camera "world" "float[2] shutteropening" [0 1]
EditEnd 
##streammarker58
EditBegin "attribute" "string scopename" ["Camera_03"]
Transform [ 10.7471 0 -9.88246 0  -3.88334 13.4257 -4.2231 0  9.0875 5.73715 9.88258 0  -52.9385 153.453 -36.0301 1 ]
EditEnd 
##streammarker59
EditBegin "option" 
Identity 
#Camera Camera_03Shape
Clipping 0.1 10000
Projection "perspective" "fov" [54.4322]
ScreenWindow -1 1 -0.5625 0.5625
Shutter 0 0
ConcatTransform [ 0.736097 -0.26598 -0.622427 2.0414e-010  0 0.919559 -0.392953 2.31889e-011  -0.676876 -0.289251 -0.676884 -2.01178e-010  14.58 -165.612 2.96137 1 ]
Camera "world" "float[2] shutteropening" [0 1]
EditEnd 
##streammarker60
EditBegin "attribute" "string scopename" ["Camera_03"]
Transform [ 11.91 0 -10.9518 0  -4.30354 14.8784 -4.68006 0  10.0708 6.35794 10.9519 0  -52.9385 153.453 -36.0301 1 ]
EditEnd 
##streammarker61
EditBegin "option" 
Identity 
#Camera Camera_03Shape
Clipping 0.1 10000
Projection "perspective" "fov" [54.4322]
ScreenWindow -1 1 -0.5625 0.5625
Shutter 0 0
ConcatTransform [ 0.736097 -0.26598 -0.622427 2.0414e-010  0 0.919559 -0.392953 2.31889e-011  -0.676876 -0.289251 -0.676884 -2.01178e-010  14.58 -165.612 2.96137 1 ]
Camera "world" "float[2] shutteropening" [0 1]
EditEnd 
##streammarker62
EditBegin "attribute" "string scopename" ["Camera_03"]
Transform [ 12.9212 0 -11.8817 0  -4.66893 16.1416 -5.07742 0  10.9259 6.89776 11.8818 0  -52.9385 153.453 -36.0301 1 ]
EditEnd 
##streammarker63
EditBegin "option" 
Identity 
#Camera Camera_03Shape
Clipping 0.1 10000
Projection "perspective" "fov" [54.4322]
ScreenWindow -1 1 -0.5625 0.5625
Shutter 0 0
ConcatTransform [ 0.736097 -0.26598 -0.622427 2.0414e-010  2.71277e-008 0.919559 -0.392953 2.31889e-011  -0.676876 -0.289251 -0.676885 -2.01178e-010  14.58 -165.612 2.96137 1 ]
Camera "world" "float[2] shutteropening" [0 1]
EditEnd 
##streammarker64
EditBegin "attribute" "string scopename" ["Camera_03"]
Transform [ 13.7302 0 -12.6255 0  -4.96124 17.1522 -5.39531 0  11.6099 7.32961 12.6257 0  -52.9385 153.453 -36.0301 1 ]
EditEnd 
##streammarker65
EditBegin "option" 
Identity 
#Camera Camera_03Shape
Clipping 0.1 10000
Projection "perspective" "fov" [54.4322]
ScreenWindow -1 1 -0.5625 0.5625
Shutter 0 0
ConcatTransform [ 0.736097 -0.26598 -0.622427 2.0414e-010  -2.03458e-008 0.919559 -0.392953 2.31889e-011  -0.676876 -0.289251 -0.676884 -2.01178e-010  14.58 -165.612 2.96137 1 ]
Camera "world" "float[2] shutteropening" [0 1]
EditEnd 
##streammarker66
EditBegin "attribute" "string scopename" ["Camera_03"]
Transform [ 15.247 0 -14.0203 0  -5.50932 19.0471 -5.99134 0  12.8925 8.13934 14.0205 0  -52.9385 153.453 -36.0301 1 ]
EditEnd 
##streammarker67
EditBegin "option" 
Identity 
#Camera Camera_03Shape
Clipping 0.1 10000
Projection "perspective" "fov" [54.4322]
ScreenWindow -1 1 -0.5625 0.5625
Shutter 0 0
ConcatTransform [ 0.736097 -0.265981 -0.622427 1.84971e-010  2.03458e-008 0.919559 -0.392953 2.10114e-011  -0.676876 -0.289251 -0.676884 -1.82287e-010  14.58 -165.612 2.96137 1 ]
Camera "world" "float[2] shutteropening" [0 1]
EditEnd 
##streammarker68
EditBegin "attribute" "string scopename" ["Camera_03"]
Transform [ 16.056 0 -14.7642 0  -5.80164 20.0577 -6.30923 0  13.5766 8.57119 14.7644 0  -52.9385 153.453 -36.0301 1 ]
EditEnd 
##streammarker69
EditBegin "option" 
Identity 
#Camera Camera_03Shape
Clipping 0.1 10000
Projection "perspective" "fov" [54.4322]
ScreenWindow -1 1 -0.5625 0.5625
Shutter 0 0
ConcatTransform [ 0.736097 -0.26598 -0.622427 2.0414e-010  -1.35638e-008 0.919559 -0.392953 2.31889e-011  -0.676876 -0.289251 -0.676885 -2.01178e-010  14.58 -165.612 2.96137 1 ]
Camera "world" "float[2] shutteropening" [0 1]
EditEnd 
##streammarker70
EditBegin "attribute" "string scopename" ["Camera_03"]
Transform [ 16.4099 0 -15.0897 0  -5.92952 20.4998 -6.44831 0  13.8758 8.76013 15.0898 0  -52.9385 153.453 -36.0301 1 ]
EditEnd 
##streammarker71
EditBegin "option" 
Identity 
#Camera Camera_03Shape
Clipping 0.1 10000
Projection "perspective" "fov" [54.4322]
ScreenWindow -1 1 -0.5625 0.5625
Shutter 0 0
ConcatTransform [ 0.736097 -0.26598 -0.622427 2.0414e-010  -6.78192e-009 0.919559 -0.392953 2.31889e-011  -0.676876 -0.289251 -0.676885 -2.01178e-010  14.58 -165.612 2.96136 1 ]
Camera "world" "float[2] shutteropening" [0 1]
EditEnd 
##streammarker72
EditBegin "attribute" "string scopename" ["Camera_03"]
Transform [ 16.7132 0 -15.3686 0  -6.03914 20.8788 -6.56751 0  14.1323 8.92208 15.3688 0  -52.9385 153.453 -36.0301 1 ]
EditEnd 
##streammarker73
EditBegin "option" 
Identity 
#Camera Camera_03Shape
Clipping 0.1 10000
Projection "perspective" "fov" [54.4322]
ScreenWindow -1 1 -0.5625 0.5625
Shutter 0 0
ConcatTransform [ 0.736097 -0.26598 -0.622427 -1.24432e-010  1.35638e-008 0.919559 -0.392953 -1.41346e-011  -0.676876 -0.289251 -0.676884 1.22626e-010  14.58 -165.612 2.96137 1 ]
Camera "world" "float[2] shutteropening" [0 1]
EditEnd 
##streammarker74
EditBegin "attribute" "string scopename" ["Camera_03"]
Transform [ 17.0166 0 -15.6476 0  -6.14876 21.2577 -6.68672 0  14.3889 9.08402 15.6478 0  -52.9385 153.453 -36.0301 1 ]
EditEnd 
##streammarker75
EditBegin "option" 
Identity 
#Camera Camera_03Shape
Clipping 0.1 10000
Projection "perspective" "fov" [54.4322]
ScreenWindow -1 1 -0.5625 0.5625
Shutter 0 0
ConcatTransform [ 0.736097 -0.26598 -0.622427 -1.43601e-010  0 0.919559 -0.392953 -1.63121e-011  -0.676876 -0.289252 -0.676884 1.41518e-010  14.58 -165.612 2.96137 1 ]
Camera "world" "float[2] shutteropening" [0 1]
EditEnd 
##streammarker76
EditBegin "attribute" "string scopename" ["Camera_03"]
Transform [ 17.4717 0 -16.066 0  -6.31318 21.8262 -6.86553 0  14.7736 9.32694 16.0662 0  -52.9385 153.453 -36.0301 1 ]
EditEnd 
##streammarker77
EditBegin "option" 
Identity 
#Camera Camera_03Shape
Clipping 0.1 10000
Projection "perspective" "fov" [54.4322]
ScreenWindow -1 1 -0.5625 0.5625
Shutter 0 0
ConcatTransform [ 0.736097 -0.26598 -0.622427 -1.24432e-010  -1.35638e-008 0.919559 -0.392953 -1.41346e-011  -0.676876 -0.289251 -0.676884 1.22626e-010  14.58 -165.612 2.96137 1 ]
Camera "world" "float[2] shutteropening" [0 1]
EditEnd 
##streammarker78
EditBegin "attribute" "string scopename" ["Camera_03"]
Transform [ 17.6233 0 -16.2055 0  -6.36799 22.0157 -6.92514 0  14.9019 9.40791 16.2057 0  -52.9385 153.453 -36.0301 1 ]
EditEnd 
##streammarker79
EditBegin "option" 
Identity 
#Camera Camera_03Shape
Clipping 0.1 10000
Projection "perspective" "fov" [54.4322]
ScreenWindow -1 1 -0.5625 0.5625
Shutter 0 0
ConcatTransform [ 0.736097 -0.26598 -0.622427 -1.24432e-010  -1.35638e-008 0.919559 -0.392953 -1.41346e-011  -0.676876 -0.289251 -0.676884 1.22626e-010  14.58 -165.612 2.96137 1 ]
Camera "world" "float[2] shutteropening" [0 1]
EditEnd 
##streammarker80
EditBegin "attribute" "string scopename" ["Camera_03"]
Transform [ 17.775 0 -16.345 0  -6.4228 22.2052 -6.98474 0  15.0302 9.48889 16.3452 0  -52.9385 153.453 -36.0301 1 ]
EditEnd 
##streammarker81
EditBegin "option" 
Identity 
#Camera Camera_03Shape
Clipping 0.1 10000
Projection "perspective" "fov" [54.4322]
ScreenWindow -1 1 -0.5625 0.5625
Shutter 0 0
ConcatTransform [ 0.736097 -0.26598 -0.622427 2.0414e-010  0 0.919559 -0.392953 2.31889e-011  -0.676876 -0.289251 -0.676885 -2.01178e-010  14.58 -165.612 2.96137 1 ]
Camera "world" "float[2] shutteropening" [0 1]
EditEnd 
##streammarker82
EditBegin "attribute" "string scopename" ["Camera_03"]
Transform [ 18.6345 0 -17.1353 0  -6.73338 23.2789 -7.3225 0  15.757 9.94773 17.1356 0  -52.9385 153.453 -36.0301 1 ]
EditEnd 
##streammarker83
EditBegin "option" 
Identity 
#Camera Camera_03Shape
Clipping 0.1 10000
Projection "perspective" "fov" [54.4322]
ScreenWindow -1 1 -0.5625 0.5625
Shutter 0 0
ConcatTransform [ 0.736097 -0.26598 -0.622427 -1.24432e-010  -1.35638e-008 0.919559 -0.392953 -1.41346e-011  -0.676876 -0.289251 -0.676884 1.22626e-010  14.58 -165.612 2.96137 1 ]
Camera "world" "float[2] shutteropening" [0 1]
EditEnd 
##streammarker84
EditBegin "option" 
Identity 
#Camera Camera_03Shape
Clipping 0.1 10000
Projection "perspective" "fov" [54.4322]
ScreenWindow -1 1 -0.5625 0.5625
Shutter 0 0
ConcatTransform [ 0.736097 -0.26598 -0.622427 2.0414e-010  0 0.919559 -0.392953 2.31889e-011  -0.676876 -0.289251 -0.676884 -2.01178e-010  14.58 -165.612 2.96137 1 ]
Camera "world" "float[2] shutteropening" [0 1]
EditEnd 
##streammarker85
EditBegin "attribute" "string scopename" ["Camera_03"]
Transform [ 18.9885 0 -17.4608 0  -6.86127 23.7211 -7.46157 0  16.0562 10.1367 17.461 0  -52.9385 153.453 -36.0301 1 ]
EditEnd 
##streammarker86
EditBegin "option" 
Identity 
#Camera Camera_03Shape
Clipping 0.1 10000
Projection "perspective" "fov" [54.4322]
ScreenWindow -1 1 -0.5625 0.5625
Shutter 0 0
ConcatTransform [ 0.736097 -0.26598 -0.622427 2.0414e-010  -1.35638e-008 0.919559 -0.392953 2.31889e-011  -0.676876 -0.289251 -0.676885 -2.01178e-010  14.58 -165.612 2.96137 1 ]
Camera "world" "float[2] shutteropening" [0 1]
EditEnd 
##streammarker87
EditBegin "option" 
Identity 
#Camera Camera_03Shape
Clipping 0.1 10000
Projection "perspective" "fov" [54.4322]
ScreenWindow -1 1 -0.5625 0.5625
Shutter 0 0
ConcatTransform [ 0.736097 -0.26598 -0.622427 2.0414e-010  -1.35638e-008 0.919559 -0.392953 2.31889e-011  -0.676876 -0.289251 -0.676885 -2.01178e-010  14.58 -165.612 2.96137 1 ]
Camera "world" "float[2] shutteropening" [0 1]
EditEnd 
##streammarker88
EditBegin "option" 
Identity 
#Camera Camera_03Shape
Clipping 0.1 10000
Projection "perspective" "fov" [54.4322]
ScreenWindow -1 1 -0.5625 0.5625
Shutter 0 0
ConcatTransform [ 0.736097 -0.26598 -0.622427 2.0414e-010  -1.35638e-008 0.919559 -0.392953 2.31889e-011  -0.676876 -0.289251 -0.676885 -2.01178e-010  14.58 -165.612 2.96137 1 ]
Camera "world" "float[2] shutteropening" [0 1]
EditEnd 
##streammarker89
EditBegin "option" 
Identity 
#Camera Camera_03Shape
Clipping 0.1 10000
Projection "perspective" "fov" [54.4322]
ScreenWindow -1 1 -0.5625 0.5625
Shutter 0 0
ConcatTransform [ 0.736097 -0.26598 -0.622427 2.0414e-010  -1.35638e-008 0.919559 -0.392953 2.31889e-011  -0.676876 -0.289251 -0.676885 -2.01178e-010  14.58 -165.612 2.96137 1 ]
Camera "world" "float[2] shutteropening" [0 1]
EditEnd 
##streammarker90
EditBegin "option" 
Identity 
#Camera Camera_03Shape
Clipping 0.1 10000
Projection "perspective" "fov" [54.4322]
ScreenWindow -1 1 -0.5625 0.5625
Shutter 0 0
ConcatTransform [ 0.736097 -0.26598 -0.622427 2.0414e-010  -1.35638e-008 0.919559 -0.392953 2.31889e-011  -0.676876 -0.289251 -0.676885 -2.01178e-010  14.58 -165.612 2.96137 1 ]
Camera "world" "float[2] shutteropening" [0 1]
EditEnd 
##streammarker91
EditBegin "option" 
Identity 
#Camera Camera_03Shape
Clipping 0.1 10000
Projection "perspective" "fov" [54.4322]
ScreenWindow -1 1 -0.5625 0.5625
Shutter 0 0
ConcatTransform [ 0.736097 -0.26598 -0.622427 2.0414e-010  -1.35638e-008 0.919559 -0.392953 2.31889e-011  -0.676876 -0.289251 -0.676885 -2.01178e-010  14.58 -165.612 2.96137 1 ]
Camera "world" "float[2] shutteropening" [0 1]
EditEnd 
##streammarker92
EditBegin "option" 
Identity 
#Camera Camera_03Shape
Clipping 0.1 10000
Projection "perspective" "fov" [54.4322]
ScreenWindow -1 1 -0.5625 0.5625
Shutter 0 0
ConcatTransform [ 0.736097 -0.26598 -0.622427 2.0414e-010  -1.35638e-008 0.919559 -0.392953 2.31889e-011  -0.676876 -0.289251 -0.676885 -2.01178e-010  14.58 -165.612 2.96137 1 ]
Camera "world" "float[2] shutteropening" [0 1]
EditEnd 
##streammarker93
EditBegin "option" 
Identity 
#Camera Camera_03Shape
Clipping 0.1 10000
Projection "perspective" "fov" [54.4322]
ScreenWindow -1 1 -0.5625 0.5625
Shutter 0 0
ConcatTransform [ 0.736097 -0.26598 -0.622427 2.0414e-010  -1.35638e-008 0.919559 -0.392953 2.31889e-011  -0.676876 -0.289251 -0.676885 -2.01178e-010  14.58 -165.612 2.96137 1 ]
Camera "world" "float[2] shutteropening" [0 1]
EditEnd 
##streammarker94
EditBegin "option" 
Identity 
#Camera Camera_03Shape
Clipping 0.1 10000
Projection "perspective" "fov" [54.4322]
ScreenWindow -1 1 -0.5625 0.5625
Shutter 0 0
ConcatTransform [ 0.736097 -0.26598 -0.622427 2.0414e-010  -1.35638e-008 0.919559 -0.392953 2.31889e-011  -0.676876 -0.289251 -0.676885 -2.01178e-010  14.58 -165.612 2.96137 1 ]
Camera "world" "float[2] shutteropening" [0 1]
EditEnd 
##streammarker95
EditBegin "option" 
Identity 
#Camera Camera_03Shape
Clipping 0.1 10000
Projection "perspective" "fov" [54.4322]
ScreenWindow -1 1 -0.5625 0.5625
Shutter 0 0
ConcatTransform [ 0.736097 -0.26598 -0.622427 2.0414e-010  -1.35638e-008 0.919559 -0.392953 2.31889e-011  -0.676876 -0.289251 -0.676885 -2.01178e-010  14.58 -165.612 2.96137 1 ]
Camera "world" "float[2] shutteropening" [0 1]
EditEnd 
##streammarker96
EditBegin "option" 
Identity 
#Camera Camera_03Shape
Clipping 0.1 10000
Projection "perspective" "fov" [54.4322]
ScreenWindow -1 1 -0.5625 0.5625
Shutter 0 0
ConcatTransform [ 0.736097 -0.26598 -0.622427 2.0414e-010  -1.35638e-008 0.919559 -0.392953 2.31889e-011  -0.676876 -0.289251 -0.676885 -2.01178e-010  14.58 -165.612 2.96137 1 ]
Camera "world" "float[2] shutteropening" [0 1]
EditEnd 
##streammarker97
EditBegin "option" 
Identity 
#Camera Camera_03Shape
Clipping 0.1 10000
Projection "perspective" "fov" [54.4322]
ScreenWindow -1 1 -0.5625 0.5625
Shutter 0 0
ConcatTransform [ 0.736097 -0.26598 -0.622427 2.0414e-010  -1.35638e-008 0.919559 -0.392953 2.31889e-011  -0.676876 -0.289251 -0.676885 -2.01178e-010  14.58 -165.612 2.96137 1 ]
Camera "world" "float[2] shutteropening" [0 1]
EditEnd 
##streammarker98
EditBegin "option" 
Identity 
#Camera Camera_03Shape
Clipping 0.1 10000
Projection "perspective" "fov" [54.4322]
ScreenWindow -1 1 -0.5625 0.5625
Shutter 0 0
ConcatTransform [ 0.736097 -0.26598 -0.622427 2.0414e-010  -1.35638e-008 0.919559 -0.392953 2.31889e-011  -0.676876 -0.289251 -0.676885 -2.01178e-010  14.58 -165.612 2.96137 1 ]
Camera "world" "float[2] shutteropening" [0 1]
EditEnd 
##streammarker99
EditBegin "option" 
Identity 
#Camera Camera_03Shape
Clipping 0.1 10000
Projection "perspective" "fov" [54.4322]
ScreenWindow -1 1 -0.5625 0.5625
Shutter 0 0
ConcatTransform [ 0.736097 -0.26598 -0.622427 2.0414e-010  -1.35638e-008 0.919559 -0.392953 2.31889e-011  -0.676876 -0.289251 -0.676885 -2.01178e-010  14.58 -165.612 2.96137 1 ]
Camera "world" "float[2] shutteropening" [0 1]
EditEnd 
##streammarker100
EditBegin "option" 
Identity 
#Camera Camera_03Shape
Clipping 0.1 10000
Projection "perspective" "fov" [54.4322]
ScreenWindow -1 1 -0.5625 0.5625
Shutter 0 0
ConcatTransform [ 0.736097 -0.26598 -0.622427 2.0414e-010  -1.35638e-008 0.919559 -0.392953 2.31889e-011  -0.676876 -0.289251 -0.676885 -2.01178e-010  14.58 -165.612 2.96137 1 ]
Camera "world" "float[2] shutteropening" [0 1]
EditEnd 
##streammarker101
EditBegin "option" 
Identity 
#Camera Camera_03Shape
Clipping 0.1 10000
Projection "perspective" "fov" [54.4322]
ScreenWindow -1 1 -0.5625 0.5625
Shutter 0 0
ConcatTransform [ 0.736097 -0.26598 -0.622427 2.0414e-010  -1.35638e-008 0.919559 -0.392953 2.31889e-011  -0.676876 -0.289251 -0.676885 -2.01178e-010  14.58 -165.612 2.96137 1 ]
Camera "world" "float[2] shutteropening" [0 1]
EditEnd 
##streammarker102
EditBegin "option" 
Identity 
#Camera Camera_03Shape
Clipping 0.1 10000
Projection "perspective" "fov" [54.4322]
ScreenWindow -1 1 -0.5625 0.5625
Shutter 0 0
ConcatTransform [ 0.736097 -0.26598 -0.622427 2.0414e-010  -1.35638e-008 0.919559 -0.392953 2.31889e-011  -0.676876 -0.289251 -0.676885 -2.01178e-010  14.58 -165.612 2.96137 1 ]
Camera "world" "float[2] shutteropening" [0 1]
EditEnd 
##streammarker103
EditBegin "option" 
Identity 
#Camera Camera_03Shape
Clipping 0.1 10000
Projection "perspective" "fov" [54.4322]
ScreenWindow -1 1 -0.5625 0.5625
Shutter 0 0
ConcatTransform [ 0.736097 -0.26598 -0.622427 2.0414e-010  -1.35638e-008 0.919559 -0.392953 2.31889e-011  -0.676876 -0.289251 -0.676885 -2.01178e-010  14.58 -165.612 2.96137 1 ]
Camera "world" "float[2] shutteropening" [0 1]
EditEnd 
##streammarker104
EditBegin "option" 
Identity 
#Camera Camera_03Shape
Clipping 0.1 10000
Projection "perspective" "fov" [54.4322]
ScreenWindow -1 1 -0.5625 0.5625
Shutter 0 0
ConcatTransform [ 0.736097 -0.26598 -0.622427 2.0414e-010  -1.35638e-008 0.919559 -0.392953 2.31889e-011  -0.676876 -0.289251 -0.676885 -2.01178e-010  14.58 -165.612 2.96137 1 ]
Camera "world" "float[2] shutteropening" [0 1]
EditEnd 
##streammarker105
EditBegin "option" 
Identity 
#Camera Camera_03Shape
Clipping 0.1 10000
Projection "perspective" "fov" [54.4322]
ScreenWindow -1 1 -0.5625 0.5625
Shutter 0 0
ConcatTransform [ 0.736097 -0.26598 -0.622427 2.0414e-010  -1.35638e-008 0.919559 -0.392953 2.31889e-011  -0.676876 -0.289251 -0.676885 -2.01178e-010  14.58 -165.612 2.96137 1 ]
Camera "world" "float[2] shutteropening" [0 1]
EditEnd 
##streammarker106
EditBegin "option" 
Identity 
#Camera Camera_03Shape
Clipping 0.1 10000
Projection "perspective" "fov" [54.4322]
ScreenWindow -1 1 -0.5625 0.5625
Shutter 0 0
ConcatTransform [ 0.736097 -0.26598 -0.622427 2.0414e-010  -1.35638e-008 0.919559 -0.392953 2.31889e-011  -0.676876 -0.289251 -0.676885 -2.01178e-010  14.58 -165.612 2.96137 1 ]
Camera "world" "float[2] shutteropening" [0 1]
EditEnd 
##streammarker107
EditBegin "option" 
Identity 
#Camera Camera_03Shape
Clipping 0.1 10000
Projection "perspective" "fov" [54.4322]
ScreenWindow -1 1 -0.5625 0.5625
Shutter 0 0
ConcatTransform [ 0.736097 -0.26598 -0.622427 2.0414e-010  -1.35638e-008 0.919559 -0.392953 2.31889e-011  -0.676876 -0.289251 -0.676885 -2.01178e-010  14.58 -165.612 2.96137 1 ]
Camera "world" "float[2] shutteropening" [0 1]
EditEnd 
##streammarker108
EditBegin "option" 
Identity 
#Camera Camera_03Shape
Clipping 0.1 10000
Projection "perspective" "fov" [54.4322]
ScreenWindow -1 1 -0.5625 0.5625
Shutter 0 0
ConcatTransform [ 0.736097 -0.26598 -0.622427 2.0414e-010  -1.35638e-008 0.919559 -0.392953 2.31889e-011  -0.676876 -0.289251 -0.676885 -2.01178e-010  14.58 -165.612 2.96137 1 ]
Camera "world" "float[2] shutteropening" [0 1]
EditEnd 
##streammarker109
EditBegin "option" 
Identity 
#Camera Camera_03Shape
Clipping 0.1 10000
Projection "perspective" "fov" [54.4322]
ScreenWindow -1 1 -0.5625 0.5625
Shutter 0 0
ConcatTransform [ 0.736097 -0.26598 -0.622427 2.0414e-010  -1.35638e-008 0.919559 -0.392953 2.31889e-011  -0.676876 -0.289251 -0.676885 -2.01178e-010  14.58 -165.612 2.96137 1 ]
Camera "world" "float[2] shutteropening" [0 1]
EditEnd 
##streammarker110
EditBegin "option" 
Identity 
#Camera Camera_03Shape
Clipping 0.1 10000
Projection "perspective" "fov" [54.4322]
ScreenWindow -1 1 -0.5625 0.5625
Shutter 0 0
ConcatTransform [ 0.736097 -0.26598 -0.622427 2.0414e-010  -1.35638e-008 0.919559 -0.392953 2.31889e-011  -0.676876 -0.289251 -0.676885 -2.01178e-010  14.58 -165.612 2.96137 1 ]
Camera "world" "float[2] shutteropening" [0 1]
EditEnd 
##streammarker111
EditBegin "option" 
Identity 
#Camera Camera_03Shape
Clipping 0.1 10000
Projection "perspective" "fov" [54.4322]
ScreenWindow -1 1 -0.5625 0.5625
Shutter 0 0
ConcatTransform [ 0.736097 -0.26598 -0.622427 2.0414e-010  -1.35638e-008 0.919559 -0.392953 2.31889e-011  -0.676876 -0.289251 -0.676885 -2.01178e-010  14.58 -165.612 2.96137 1 ]
Camera "world" "float[2] shutteropening" [0 1]
EditEnd 
##streammarker112
EditBegin "option" 
Identity 
#Camera Camera_03Shape
Clipping 0.1 10000
Projection "perspective" "fov" [54.4322]
ScreenWindow -1 1 -0.5625 0.5625
Shutter 0 0
ConcatTransform [ 0.736097 -0.26598 -0.622427 2.0414e-010  -1.35638e-008 0.919559 -0.392953 2.31889e-011  -0.676876 -0.289251 -0.676885 -2.01178e-010  14.58 -165.612 2.96137 1 ]
Camera "world" "float[2] shutteropening" [0 1]
EditEnd 
##streammarker113
EditBegin "option" 
Identity 
#Camera Camera_03Shape
Clipping 0.1 10000
Projection "perspective" "fov" [54.4322]
ScreenWindow -1 1 -0.5625 0.5625
Shutter 0 0
ConcatTransform [ 0.736097 -0.26598 -0.622427 2.0414e-010  -1.35638e-008 0.919559 -0.392953 2.31889e-011  -0.676876 -0.289251 -0.676885 -2.01178e-010  14.58 -165.612 2.96137 1 ]
Camera "world" "float[2] shutteropening" [0 1]
EditEnd 
##streammarker114
