##RenderMan RIB
version 3.04
EditBegin "attribute" 
EditEnd 
Option "rerender" "int[2] lodrange" [0 0]
##streammarker1284
EditBegin "option" 
Identity 
#Camera perspShape
Clipping 5 100000
Projection "perspective" "fov" [54.4322]
ScreenWindow -1 1 -0.5625 0.5625
Shutter 0 0
ConcatTransform [ 0.72176 -0.061989 -0.689362 -2.22527e-11  2.29269e-09 0.995981 -0.089561 1.91186e-13  -0.692143 -0.0646416 -0.71886 2.42853e-11  -57.2832 -123.902 882.042 1 ]
Camera "world" "float[2] shutteropening" [0 1]
EditEnd 
##streammarker1285
EditBegin "option" 
Identity 
#Camera perspShape
Clipping 5 100000
Projection "perspective" "fov" [54.4322]
ScreenWindow -1 1 -0.5625 0.5625
Shutter 0 0
ConcatTransform [ 0.745476 -0.0735849 -0.662458 -3.59654e-11  5.47603e-09 0.993887 -0.1104 3.47172e-13  -0.666533 -0.0823003 -0.740919 3.63494e-11  -54.3867 -125.581 882.716 1 ]
Camera "world" "float[2] shutteropening" [0 1]
EditEnd 
##streammarker1286
EditBegin "option" 
Identity 
#Camera perspShape
Clipping 5 100000
Projection "perspective" "fov" [54.4322]
ScreenWindow -1 1 -0.5625 0.5625
Shutter 0 0
ConcatTransform [ 0.763796 -0.0779722 -0.640731 -4.52809e-12  3.18608e-09 0.992677 -0.120801 4.44091e-14  -0.645458 -0.0922676 -0.758202 4.30431e-12  -52.0215 -126.492 882.56 1 ]
Camera "world" "float[2] shutteropening" [0 1]
EditEnd 
##streammarker1287
EditBegin "option" 
Identity 
#Camera perspShape
Clipping 5 100000
Projection "perspective" "fov" [54.4322]
ScreenWindow -1 1 -0.5625 0.5625
Shutter 0 0
ConcatTransform [ 0.790155 -0.0740399 -0.608419 -2.16356e-11  9.10271e-10 0.992677 -0.120801 1.89857e-13  -0.612907 -0.0954518 -0.784368 1.87568e-11  -48.3984 -126.746 880.471 1 ]
Camera "world" "float[2] shutteropening" [0 1]
EditEnd 
##streammarker1288
EditBegin "option" 
Identity 
#Camera perspShape
Clipping 5 100000
Projection "perspective" "fov" [54.4322]
ScreenWindow -1 1 -0.5625 0.5625
Shutter 0 0
ConcatTransform [ 0.802818 -0.0782186 -0.591072 -1.35744e-10  3.63121e-09 0.991357 -0.13119 -1.48631e-11  -0.596225 -0.105321 -0.795879 -6.24726e-11  -46.5546 -127.632 880.817 1 ]
Camera "world" "float[2] shutteropening" [0 1]
EditEnd 
##streammarker1289
EditBegin "option" 
Identity 
#Camera perspShape
Clipping 5 100000
Projection "perspective" "fov" [54.4322]
ScreenWindow -1 1 -0.5625 0.5625
Shutter 0 0
ConcatTransform [ 0.815128 -0.0759958 -0.574275 3.21115e-11  -7.7161e-09 0.991357 -0.13119 -2.72243e-13  -0.579281 -0.106936 -0.808083 -2.53443e-11  -44.6903 -127.757 879.87 1 ]
Camera "world" "float[2] shutteropening" [0 1]
EditEnd 
##streammarker1290
EditBegin "option" 
Identity 
#Camera perspShape
Clipping 5 100000
Projection "perspective" "fov" [54.4322]
ScreenWindow -1 1 -0.5625 0.5625
Shutter 0 0
ConcatTransform [ 0.830984 -0.0729803 -0.551488 6.32877e-13  -4.5387e-10 0.991357 -0.13119 -4.95345e-15  -0.556296 -0.109017 -0.823802 -4.68719e-13  -42.1743 -127.916 878.667 1 ]
Camera "world" "float[2] shutteropening" [0 1]
EditEnd 
##streammarker1291
EditBegin "option" 
Identity 
#Camera perspShape
Clipping 5 100000
Projection "perspective" "fov" [54.4322]
ScreenWindow -1 1 -0.5625 0.5625
Shutter 0 0
ConcatTransform [ 0.838671 -0.0657931 -0.54065 -1.39859e-11  -6.82634e-09 0.992677 -0.120801 1.50987e-11  -0.544639 -0.101313 -0.832529 9.08103e-11  -40.9039 -127.198 876.756 1 ]
Camera "world" "float[2] shutteropening" [0 1]
EditEnd 
##streammarker1292
EditBegin "option" 
Identity 
#Camera perspShape
Clipping 5 100000
Projection "perspective" "fov" [54.4322]
ScreenWindow -1 1 -0.5625 0.5625
Shutter 0 0
ConcatTransform [ 0.849893 -0.063657 -0.523097 4.02655e-11  -1.8203e-09 0.992677 -0.120801 1.4717e-11  -0.526956 -0.102668 -0.843669 5.2072e-11  -38.9833 -127.299 875.926 1 ]
Camera "world" "float[2] shutteropening" [0 1]
EditEnd 
##streammarker1293
EditBegin "option" 
Identity 
#Camera perspShape
Clipping 5 100000
Projection "perspective" "fov" [54.4322]
ScreenWindow -1 1 -0.5625 0.5625
Shutter 0 0
ConcatTransform [ 0.857167 -0.0622173 -0.511266 -2.87148e-11  -6.37091e-09 0.992677 -0.120801 1.78843e-13  -0.515038 -0.103547 -0.85089 1.89681e-11  -37.6934 -127.364 875.394 1 ]
Camera "world" "float[2] shutteropening" [0 1]
EditEnd 
##streammarker1294
EditBegin "option" 
Identity 
#Camera perspShape
Clipping 5 100000
Projection "perspective" "fov" [54.4322]
ScreenWindow -1 1 -0.5625 0.5625
Shutter 0 0
ConcatTransform [ 0.864275 -0.0607654 -0.499336 -3.32896e-11  0 0.992677 -0.120801 1.98336e-13  -0.50302 -0.104406 -0.857946 2.12608e-11  -36.3962 -127.427 874.881 1 ]
Camera "world" "float[2] shutteropening" [0 1]
EditEnd 
##streammarker1295
EditBegin "option" 
Identity 
#Camera perspShape
Clipping 5 100000
Projection "perspective" "fov" [54.4322]
ScreenWindow -1 1 -0.5625 0.5625
Shutter 0 0
ConcatTransform [ 0.877983 -0.0578266 -0.475186 -1.27881e-11  -5.00534e-09 0.992677 -0.120801 1.49882e-11  -0.478692 -0.106062 -0.871553 8.43219e-11  -33.7806 -127.545 873.908 1 ]
Camera "world" "float[2] shutteropening" [0 1]
EditEnd 
##streammarker1296
EditBegin "option" 
Identity 
#Camera perspShape
Clipping 5 100000
Projection "perspective" "fov" [54.4322]
ScreenWindow -1 1 -0.5625 0.5625
Shutter 0 0
ConcatTransform [ 0.884581 -0.0563401 -0.462971 4.13804e-11  -2.27509e-09 0.992677 -0.120801 -2.14195e-13  -0.466387 -0.106859 -0.878103 -2.38072e-11  -32.4628 -127.601 873.449 1 ]
Camera "world" "float[2] shutteropening" [0 1]
EditEnd 
##streammarker1297
EditBegin "option" 
Identity 
#Camera perspShape
Clipping 5 100000
Projection "perspective" "fov" [54.4322]
ScreenWindow -1 1 -0.5625 0.5625
Shutter 0 0
ConcatTransform [ 0.891006 -0.0548426 -0.450666 -1.46994e-10  -4.09504e-09 0.992677 -0.120801 -1.48732e-11  -0.45399 -0.107635 -0.884481 -7.37277e-11  -31.1386 -127.654 873.008 1 ]
Camera "world" "float[2] shutteropening" [0 1]
EditEnd 
##streammarker1298
EditBegin "option" 
Identity 
#Camera perspShape
Clipping 5 100000
Projection "perspective" "fov" [54.4322]
ScreenWindow -1 1 -0.5625 0.5625
Shutter 0 0
ConcatTransform [ 0.894154 -0.0540899 -0.44448 -2.40865e-11  1.36499e-09 0.992677 -0.120801 1.15627e-13  -0.447759 -0.108015 -0.887606 1.31242e-11  -30.4743 -127.68 872.795 1 ]
Camera "world" "float[2] shutteropening" [0 1]
EditEnd 
##streammarker1299
EditBegin "option" 
Identity 
#Camera perspShape
Clipping 5 100000
Projection "perspective" "fov" [54.4322]
ScreenWindow -1 1 -0.5625 0.5625
Shutter 0 0
ConcatTransform [ 0.900319 -0.0480493 -0.432571 -1.58206e-11  -2.28088e-09 0.993887 -0.1104 6.59626e-14  -0.435231 -0.0993949 -0.894815 8.30758e-12  -29.1412 -126.877 871.048 1 ]
Camera "world" "float[2] shutteropening" [0 1]
EditEnd 
##streammarker1300
EditBegin "option" 
Identity 
#Camera perspShape
Clipping 5 100000
Projection "perspective" "fov" [54.4322]
ScreenWindow -1 1 -0.5625 0.5625
Shutter 0 0
ConcatTransform [ 0.903335 -0.0473543 -0.426313 1.13762e-11  -1.59659e-09 0.993887 -0.1104 -4.61691e-14  -0.428935 -0.0997279 -0.897813 -5.86194e-12  -28.4725 -126.899 870.848 1 ]
Camera "world" "float[2] shutteropening" [0 1]
EditEnd 
##streammarker1301
EditBegin "option" 
Identity 
#Camera perspShape
Clipping 5 100000
Projection "perspective" "fov" [54.4322]
ScreenWindow -1 1 -0.5625 0.5625
Shutter 0 0
ConcatTransform [ 0.909236 -0.0416222 -0.414195 -3.3489e-12  1.60055e-09 0.994989 -0.0999858 7.6901e-12  -0.416281 -0.0909107 -0.90468 7.75894e-11  -27.1309 -126.068 869.138 1 ]
Camera "world" "float[2] shutteropening" [0 1]
EditEnd 
##streammarker1302
EditBegin "option" 
Identity 
#Camera perspShape
Clipping 5 100000
Projection "perspective" "fov" [54.4322]
ScreenWindow -1 1 -0.5625 0.5625
Shutter 0 0
ConcatTransform [ 0.91496 -0.0319311 -0.40228 -7.72707e-11  9.18862e-10 0.996864 -0.0791264 2.01565e-13  -0.403545 -0.0723975 -0.912091 3.68559e-11  -25.7841 -124.309 866.148 1 ]
Camera "world" "float[2] shutteropening" [0 1]
EditEnd 
##streammarker1303
EditBegin "option" 
Identity 
#Camera perspShape
Clipping 5 100000
Projection "perspective" "fov" [54.4322]
ScreenWindow -1 1 -0.5625 0.5625
Shutter 0 0
ConcatTransform [ 0.917755 -0.0272773 -0.39621 8.61745e-12  4.60422e-10 0.997639 -0.0686831 -1.8965e-14  -0.397148 -0.0630342 -0.915587 -4.02926e-12  -25.1087 -123.403 864.674 1 ]
Camera "world" "float[2] shutteropening" [0 1]
EditEnd 
##streammarker1304
EditBegin "option" 
Identity 
#Camera perspShape
Clipping 5 100000
Projection "perspective" "fov" [54.4322]
ScreenWindow -1 1 -0.5625 0.5625
Shutter 0 0
ConcatTransform [ 0.92321 -0.0143391 -0.384027 3.22149e-11  -5.78868e-10 0.999304 -0.0373126 -3.63599e-14  -0.384295 -0.0344474 -0.922567 -1.44646e-11  -23.7544 -120.573 860.5 1 ]
Camera "world" "float[2] shutteropening" [0 1]
EditEnd 
##streammarker1305
EditBegin "option" 
Identity 
#Camera perspShape
Clipping 5 100000
Projection "perspective" "fov" [54.4322]
ScreenWindow -1 1 -0.5625 0.5625
Shutter 0 0
ConcatTransform [ 0.925871 -0.0101436 -0.377705 6.20579e-11  -4.63881e-10 0.99964 -0.0268461 -4.88688e-14  -0.377841 -0.024856 -0.925537 -2.72907e-11  -23.0756 -119.6 859.079 1 ]
Camera "world" "float[2] shutteropening" [0 1]
EditEnd 
##streammarker1306
EditBegin "option" 
Identity 
#Camera perspShape
Clipping 5 100000
Projection "perspective" "fov" [54.4322]
ScreenWindow -1 1 -0.5625 0.5625
Shutter 0 0
ConcatTransform [ 0.928486 -0.00608174 -0.371318 -1.1683e-12  2.32308e-10 0.999866 -0.0163766 5.43752e-16  -0.371368 -0.0152055 -0.928361 5.03043e-13  -22.3955 -118.61 857.673 1 ]
Camera "world" "float[2] shutteropening" [0 1]
EditEnd 
##streammarker1307
EditBegin "option" 
Identity 
#Camera perspShape
Clipping 5 100000
Projection "perspective" "fov" [54.4322]
ScreenWindow -1 1 -0.5625 0.5625
Shutter 0 0
ConcatTransform [ 0.931056 0.00166622 -0.364873 -6.02606e-12  4.36809e-11 0.99999 0.00456659 -4.78346e-13  -0.364877 0.00425176 -0.931046 7.81843e-11  -21.7144 -116.582 855.056 1 ]
Camera "world" "float[2] shutteropening" [0 1]
EditEnd 
##streammarker1308
EditBegin "option" 
Identity 
#Camera perspShape
Clipping 5 100000
Projection "perspective" "fov" [54.4322]
ScreenWindow -1 1 -0.5625 0.5625
Shutter 0 0
ConcatTransform [ 0.931056 -0.00215471 -0.36487 2.66962e-11  -4.36218e-11 0.999982 -0.00590534 -4.33698e-15  -0.364877 -0.00549819 -0.93104 -1.12509e-11  -21.7144 -117.603 856.283 1 ]
Camera "world" "float[2] shutteropening" [0 1]
EditEnd 
##streammarker1309
EditBegin "option" 
Identity 
#Camera perspShape
Clipping 5 100000
Projection "perspective" "fov" [54.4322]
ScreenWindow -1 1 -0.5625 0.5625
Shutter 0 0
ConcatTransform [ 0.940881 -0.0161832 -0.338351 -9.97214e-11  1.15557e-10 0.998858 -0.0477751 1.12548e-13  -0.338738 -0.0449507 -0.939806 3.84029e-11  -18.9797 -121.587 860.725 1 ]
Camera "world" "float[2] shutteropening" [0 1]
EditEnd 
##streammarker1310
EditBegin "option" 
Identity 
#Camera perspShape
Clipping 5 100000
Projection "perspective" "fov" [54.4322]
ScreenWindow -1 1 -0.5625 0.5625
Shutter 0 0
ConcatTransform [ 0.949972 -0.027973 -0.31108 -5.27094e-11  1.71852e-09 0.995981 -0.089561 9.37725e-14  -0.312335 -0.0850805 -0.946154 1.84277e-11  -16.2302 -125.398 865.408 1 ]
Camera "world" "float[2] shutteropening" [0 1]
EditEnd 
##streammarker1311
EditBegin "option" 
Identity 
#Camera perspShape
Clipping 5 100000
Projection "perspective" "fov" [54.4322]
ScreenWindow -1 1 -0.5625 0.5625
Shutter 0 0
ConcatTransform [ 0.952129 -0.0369284 -0.303457 -3.67368e-11  4.54754e-09 0.992677 -0.120801 8.38054e-14  -0.305695 -0.115018 -0.945157 1.25182e-11  -15.5408 -128.108 869.28 1 ]
Camera "world" "float[2] shutteropening" [0 1]
EditEnd 
##streammarker1312
EditBegin "option" 
Identity 
#Camera perspShape
Clipping 5 100000
Projection "perspective" "fov" [54.4322]
ScreenWindow -1 1 -0.5625 0.5625
Shutter 0 0
ConcatTransform [ 0.95424 -0.0392311 -0.296456 -9.23824e-11  -7.93558e-09 0.991357 -0.13119 -1.49746e-11  -0.299041 -0.125187 -0.945993 -1.13214e-10  -14.8506 -128.994 870.521 1 ]
Camera "world" "float[2] shutteropening" [0 1]
EditEnd 
##streammarker1313
EditBegin "option" 
Identity 
#Camera perspShape
Clipping 5 100000
Projection "perspective" "fov" [54.4322]
ScreenWindow -1 1 -0.5625 0.5625
Shutter 0 0
ConcatTransform [ 0.95424 -0.0392311 -0.296456 -5.84825e-12  -6.35131e-09 0.991357 -0.13119 -1.51849e-11  -0.299041 -0.125187 -0.945993 -1.41935e-10  -14.8506 -125.937 870.521 1 ]
Camera "world" "float[2] shutteropening" [0 1]
EditEnd 
##streammarker1314
EditBegin "option" 
Identity 
#Camera perspShape
Clipping 5 100000
Projection "perspective" "fov" [54.4322]
ScreenWindow -1 1 -0.5625 0.5625
Shutter 0 0
ConcatTransform [ 0.95424 -0.0392311 -0.296456 9.10847e-11  -4.9933e-09 0.991357 -0.13119 -2.14764e-13  -0.299041 -0.125187 -0.945993 -3.02449e-11  -14.8506 -121.86 870.521 1 ]
Camera "world" "float[2] shutteropening" [0 1]
EditEnd 
##streammarker1315
EditBegin "option" 
Identity 
#Camera perspShape
Clipping 5 100000
Projection "perspective" "fov" [54.4322]
ScreenWindow -1 1 -0.5625 0.5625
Shutter 0 0
ConcatTransform [ 0.95424 -0.0392311 -0.296456 2.7244e-11  -3.40605e-09 0.991357 -0.13119 -6.42372e-14  -0.299041 -0.125187 -0.945993 -9.04644e-12  -14.8506 -118.802 870.521 1 ]
Camera "world" "float[2] shutteropening" [0 1]
EditEnd 
##streammarker1316
EditBegin "option" 
Identity 
#Camera perspShape
Clipping 5 100000
Projection "perspective" "fov" [54.4322]
ScreenWindow -1 1 -0.5625 0.5625
Shutter 0 0
ConcatTransform [ 0.95424 -0.0392311 -0.296456 5.7656e-11  -4.77118e-09 0.991357 -0.13119 -1.54331e-11  -0.299041 -0.125187 -0.945993 -1.63087e-10  -15.8698 -115.745 870.521 1 ]
Camera "world" "float[2] shutteropening" [0 1]
EditEnd 
##streammarker1317
EditBegin "option" 
Identity 
#Camera perspShape
Clipping 5 100000
Projection "perspective" "fov" [54.4322]
ScreenWindow -1 1 -0.5625 0.5625
Shutter 0 0
ConcatTransform [ 0.95424 -0.039231 -0.296456 -5.95739e-11  -7.73228e-09 0.991357 -0.13119 1.69573e-13  -0.299041 -0.125187 -0.945993 2.00122e-11  -17.9081 -110.649 870.521 1 ]
Camera "world" "float[2] shutteropening" [0 1]
EditEnd 
##streammarker1318
EditBegin "option" 
Identity 
#Camera perspShape
Clipping 5 100000
Projection "perspective" "fov" [54.4322]
ScreenWindow -1 1 -0.5625 0.5625
Shutter 0 0
ConcatTransform [ 0.95424 -0.0392311 -0.296456 -7.00033e-11  -5.00455e-09 0.991357 -0.13119 2.10676e-13  -0.299041 -0.125187 -0.945993 2.3606e-11  -18.9273 -109.629 870.521 1 ]
Camera "world" "float[2] shutteropening" [0 1]
EditEnd 
##streammarker1319
EditBegin "option" 
Identity 
#Camera perspShape
Clipping 5 100000
Projection "perspective" "fov" [54.4322]
ScreenWindow -1 1 -0.5625 0.5625
Shutter 0 0
ConcatTransform [ 0.95424 -0.0392312 -0.296456 8.55035e-11  -5.00584e-09 0.991357 -0.13119 -1.58419e-11  -0.299041 -0.125187 -0.945993 -1.72927e-10  -19.9465 -108.61 870.521 1 ]
Camera "world" "float[2] shutteropening" [0 1]
EditEnd 
##streammarker1320
EditBegin "option" 
Identity 
#Camera perspShape
Clipping 5 100000
Projection "perspective" "fov" [54.4322]
ScreenWindow -1 1 -0.5625 0.5625
Shutter 0 0
ConcatTransform [ 0.95424 -0.0392311 -0.296456 -7.44121e-11  -4.32795e-09 0.991357 -0.13119 2.60408e-13  -0.299041 -0.125187 -0.945993 2.53815e-11  -21.985 -102.495 870.521 1 ]
Camera "world" "float[2] shutteropening" [0 1]
EditEnd 
##streammarker1321
EditBegin "option" 
Identity 
#Camera perspShape
Clipping 5 100000
Projection "perspective" "fov" [54.4322]
ScreenWindow -1 1 -0.5625 0.5625
Shutter 0 0
ConcatTransform [ 0.95424 -0.0392311 -0.296456 5.07216e-11  -2.7356e-09 0.991357 -0.13119 -1.94102e-13  -0.299041 -0.125187 -0.945993 -1.74323e-11  -24.0233 -98.4183 870.521 1 ]
Camera "world" "float[2] shutteropening" [0 1]
EditEnd 
##streammarker1322
EditBegin "option" 
Identity 
#Camera perspShape
Clipping 5 100000
Projection "perspective" "fov" [54.4322]
ScreenWindow -1 1 -0.5625 0.5625
Shutter 0 0
ConcatTransform [ 0.95424 -0.0392312 -0.296456 -5.15121e-11  -6.15901e-09 0.991357 -0.13119 2.1401e-13  -0.299041 -0.125187 -0.945993 1.78377e-11  -26.0617 -95.3608 870.521 1 ]
Camera "world" "float[2] shutteropening" [0 1]
EditEnd 
##streammarker1323
EditBegin "option" 
Identity 
#Camera perspShape
Clipping 5 100000
Projection "perspective" "fov" [54.4322]
ScreenWindow -1 1 -0.5625 0.5625
Shutter 0 0
ConcatTransform [ 0.95424 -0.0392311 -0.296456 -7.02464e-11  -5.47888e-09 0.991357 -0.13119 3.149e-13  -0.299041 -0.125187 -0.945993 2.45076e-11  -28.1001 -91.284 870.521 1 ]
Camera "world" "float[2] shutteropening" [0 1]
EditEnd 
##streammarker1324
EditBegin "option" 
Identity 
#Camera perspShape
Clipping 5 100000
Projection "perspective" "fov" [54.4322]
ScreenWindow -1 1 -0.5625 0.5625
Shutter 0 0
ConcatTransform [ 0.95424 -0.0392311 -0.296456 8.7025e-11  -4.56747e-09 0.991357 -0.13119 1.48023e-11  -0.299041 -0.125187 -0.945993 3.98598e-11  -29.1193 -89.2456 870.521 1 ]
Camera "world" "float[2] shutteropening" [0 1]
EditEnd 
##streammarker1325
EditBegin "option" 
Identity 
#Camera perspShape
Clipping 5 100000
Projection "perspective" "fov" [54.4322]
ScreenWindow -1 1 -0.5625 0.5625
Shutter 0 0
ConcatTransform [ 0.95424 -0.0392311 -0.296456 -8.33617e-11  -5.48662e-09 0.991357 -0.13119 1.56961e-11  -0.299041 -0.125187 -0.945993 9.98261e-11  -31.1576 -83.1304 870.521 1 ]
Camera "world" "float[2] shutteropening" [0 1]
EditEnd 
##streammarker1326
EditBegin "option" 
Identity 
#Camera perspShape
Clipping 5 100000
Projection "perspective" "fov" [54.4322]
ScreenWindow -1 1 -0.5625 0.5625
Shutter 0 0
ConcatTransform [ 0.95424 -0.0392311 -0.296456 -1.07012e-10  -8.69554e-09 0.991357 -0.13119 5.85401e-13  -0.299041 -0.125187 -0.945993 3.81715e-11  -34.2152 -78.0345 870.521 1 ]
Camera "world" "float[2] shutteropening" [0 1]
EditEnd 
##streammarker1327
EditBegin "option" 
Identity 
#Camera perspShape
Clipping 5 100000
Projection "perspective" "fov" [54.4322]
ScreenWindow -1 1 -0.5625 0.5625
Shutter 0 0
ConcatTransform [ 0.95424 -0.0392311 -0.296456 1.4846e-12  -8.24385e-09 0.991357 -0.13119 -8.61151e-15  -0.299041 -0.125187 -0.945993 -5.3344e-13  -36.2536 -73.9577 870.521 1 ]
Camera "world" "float[2] shutteropening" [0 1]
EditEnd 
##streammarker1328
EditBegin "option" 
Identity 
#Camera perspShape
Clipping 5 100000
Projection "perspective" "fov" [54.4322]
ScreenWindow -1 1 -0.5625 0.5625
Shutter 0 0
ConcatTransform [ 0.95424 -0.0392311 -0.296456 8.49278e-11  -3.66806e-09 0.991357 -0.13119 -5.20712e-13  -0.299041 -0.125187 -0.945993 -3.07383e-11  -38.292 -66.8234 870.521 1 ]
Camera "world" "float[2] shutteropening" [0 1]
EditEnd 
##streammarker1329
EditBegin "option" 
Identity 
#Camera perspShape
Clipping 5 100000
Projection "perspective" "fov" [54.4322]
ScreenWindow -1 1 -0.5625 0.5625
Shutter 0 0
ConcatTransform [ 0.95424 -0.0392311 -0.296456 1.20962e-10  -5.5067e-09 0.991357 -0.13119 -1.76859e-11  -0.299041 -0.125187 -0.945993 -1.88731e-10  -40.3304 -61.7274 870.521 1 ]
Camera "world" "float[2] shutteropening" [0 1]
EditEnd 
##streammarker1330
EditBegin "option" 
Identity 
#Camera perspShape
Clipping 5 100000
Projection "perspective" "fov" [54.4322]
ScreenWindow -1 1 -0.5625 0.5625
Shutter 0 0
ConcatTransform [ 0.95424 -0.0392311 -0.296456 -4.80511e-11  -5.05062e-09 0.991357 -0.13119 3.2646e-13  -0.299041 -0.125187 -0.945993 1.76436e-11  -42.3688 -58.6698 870.521 1 ]
Camera "world" "float[2] shutteropening" [0 1]
EditEnd 
##streammarker1331
EditBegin "option" 
Identity 
#Camera perspShape
Clipping 5 100000
Projection "perspective" "fov" [54.4322]
ScreenWindow -1 1 -0.5625 0.5625
Shutter 0 0
ConcatTransform [ 0.95424 -0.0392311 -0.296456 2.09787e-12  -5.973e-09 0.991357 -0.13119 -1.49497e-14  -0.299041 -0.125187 -0.945993 -7.7582e-13  -44.4072 -54.593 870.521 1 ]
Camera "world" "float[2] shutteropening" [0 1]
EditEnd 
##streammarker1332
EditBegin "option" 
Identity 
#Camera perspShape
Clipping 5 100000
Projection "perspective" "fov" [54.4322]
ScreenWindow -1 1 -0.5625 0.5625
Shutter 0 0
ConcatTransform [ 0.95424 -0.0392311 -0.296456 3.78489e-11  -6.89565e-09 0.991357 -0.13119 -2.82306e-13  -0.299041 -0.125187 -0.945993 -1.40967e-11  -46.4456 -51.5355 870.521 1 ]
Camera "world" "float[2] shutteropening" [0 1]
EditEnd 
##streammarker1333
EditBegin "option" 
Identity 
#Camera perspShape
Clipping 5 100000
Projection "perspective" "fov" [54.4322]
ScreenWindow -1 1 -0.5625 0.5625
Shutter 0 0
ConcatTransform [ 0.95424 -0.0392311 -0.296456 -6.61919e-12  -7.82079e-09 0.991357 -0.13119 5.26796e-14  -0.299041 -0.125187 -0.945993 2.4915e-12  -49.5031 -47.4587 870.521 1 ]
Camera "world" "float[2] shutteropening" [0 1]
EditEnd 
##streammarker1334
EditBegin "option" 
Identity 
#Camera perspShape
Clipping 5 100000
Projection "perspective" "fov" [54.4322]
ScreenWindow -1 1 -0.5625 0.5625
Shutter 0 0
ConcatTransform [ 0.95424 -0.0392311 -0.296456 -6.89274e-11  -6.90431e-09 0.991357 -0.13119 5.71578e-13  -0.299041 -0.125187 -0.945993 2.61269e-11  -51.5415 -44.4011 870.521 1 ]
Camera "world" "float[2] shutteropening" [0 1]
EditEnd 
##streammarker1335
EditBegin "option" 
Identity 
#Camera perspShape
Clipping 5 100000
Projection "perspective" "fov" [54.4322]
ScreenWindow -1 1 -0.5625 0.5625
Shutter 0 0
ConcatTransform [ 0.95424 -0.0392311 -0.296456 -2.62829e-11  -4.14447e-09 0.991357 -0.13119 1.61958e-11  -0.299041 -0.125187 -0.945993 8.1172e-11  -52.5607 -41.3435 870.521 1 ]
Camera "world" "float[2] shutteropening" [0 1]
EditEnd 
##streammarker1336
EditBegin "option" 
Identity 
#Camera perspShape
Clipping 5 100000
Projection "perspective" "fov" [54.4322]
ScreenWindow -1 1 -0.5625 0.5625
Shutter 0 0
ConcatTransform [ 0.95424 -0.045431 -0.29557 5.51264e-11  5.04962e-09 0.988392 -0.151922 -5.39456e-13  -0.299041 -0.144971 -0.943164 -2.09535e-11  -52.5607 -43.0666 871.405 1 ]
Camera "world" "float[2] shutteropening" [0 1]
EditEnd 
##streammarker1337
EditBegin "option" 
Identity 
#Camera perspShape
Clipping 5 100000
Projection "perspective" "fov" [54.4322]
ScreenWindow -1 1 -0.5625 0.5625
Shutter 0 0
ConcatTransform [ 0.958323 -0.055189 -0.280307 -1.2275e-12  2.73443e-09 0.981164 -0.193179 1.66001e-11  -0.285688 -0.185128 -0.940271 7.07576e-11  -51.3351 -46.5953 872.568 1 ]
Camera "world" "float[2] shutteropening" [0 1]
EditEnd 
##streammarker1338
EditBegin "option" 
Identity 
#Camera perspShape
Clipping 5 100000
Projection "perspective" "fov" [54.4322]
ScreenWindow -1 1 -0.5625 0.5625
Shutter 0 0
ConcatTransform [ 0.960294 -0.0567587 -0.273156 -1.14065e-11  -9.09668e-10 0.979087 -0.203443 -3.32515e-11  -0.278991 -0.195365 -0.940211 -1.36137e-10  -50.7185 -47.5099 872.712 1 ]
Camera "world" "float[2] shutteropening" [0 1]
EditEnd 
##streammarker1339
EditBegin "option" 
Identity 
#Camera perspShape
Clipping 5 100000
Projection "perspective" "fov" [54.4322]
ScreenWindow -1 1 -0.5625 0.5625
Shutter 0 0
ConcatTransform [ 0.962218 -0.0609643 -0.265367 5.25381e-12  4.5288e-09 0.974612 -0.223903 -7.12548e-14  -0.27228 -0.215443 -0.937789 -1.80902e-12  -50.0994 -49.2645 873.382 1 ]
Camera "world" "float[2] shutteropening" [0 1]
EditEnd 
##streammarker1340
EditBegin "option" 
Identity 
#Camera perspShape
Clipping 5 100000
Projection "perspective" "fov" [54.4322]
ScreenWindow -1 1 -0.5625 0.5625
Shutter 0 0
ConcatTransform [ 0.964095 -0.0648659 -0.257512 -8.42737e-11  -8.11407e-09 0.969709 -0.244264 -3.29879e-11  -0.265556 -0.235494 -0.934892 -1.10885e-10  -49.4779 -51.0108 874.094 1 ]
Camera "world" "float[2] shutteropening" [0 1]
EditEnd 
##streammarker1341
EditBegin "option" 
Identity 
#Camera perspShape
Clipping 5 100000
Projection "perspective" "fov" [54.4322]
ScreenWindow -1 1 -0.5625 0.5625
Shutter 0 0
ConcatTransform [ 0.964095 -0.067559 -0.256819 -4.3741e-11  0 0.967098 -0.254405 6.62942e-13  -0.265556 -0.245271 -0.932374 1.46622e-11  -49.4779 -51.8367 874.632 1 ]
Camera "world" "float[2] shutteropening" [0 1]
EditEnd 
##streammarker1342
EditBegin "option" 
Identity 
#Camera perspShape
Clipping 5 100000
Projection "perspective" "fov" [54.4322]
ScreenWindow -1 1 -0.5625 0.5625
Shutter 0 0
ConcatTransform [ 0.964095 -0.0729225 -0.255347 1.1371e-12  8.49604e-08 0.961558 -0.274603 -1.21374e-11  -0.265556 -0.264743 -0.927033 4.12822e-12  -49.4779 -53.4713 875.735 1 ]
Camera "world" "float[2] shutteropening" [0 1]
EditEnd 
##streammarker1343
EditBegin "option" 
Identity 
#Camera perspShape
Clipping 5 100000
Projection "perspective" "fov" [54.4322]
ScreenWindow -1 1 -0.5625 0.5625
Shutter 0 0
ConcatTransform [ 0.965926 -0.0736747 -0.248112 1.76112e-11  5.3324e-08 0.958629 -0.284657 -1.07185e-10  -0.258819 -0.274958 -0.925965 1.11459e-10  -48.854 -54.3776 875.97 1 ]
Camera "world" "float[2] shutteropening" [0 1]
EditEnd 
##streammarker1344
EditBegin "option" 
Identity 
#Camera perspShape
Clipping 5 100000
Projection "perspective" "fov" [54.4322]
ScreenWindow -1 1 -0.5625 0.5625
Shutter 0 0
ConcatTransform [ 0.965926 -0.0762688 -0.247327 -1.23716e-11  5.15375e-08 0.955596 -0.29468 1.26229e-10  -0.258819 -0.284639 -0.923035 -4.61716e-11  -48.854 -55.1836 876.544 1 ]
Camera "world" "float[2] shutteropening" [0 1]
EditEnd 
##streammarker1345
EditBegin "option" 
Identity 
#Camera perspShape
Clipping 5 100000
Projection "perspective" "fov" [54.4322]
ScreenWindow -1 1 -0.5625 0.5625
Shutter 0 0
ConcatTransform [ 0.965926 -0.0762688 -0.247327 -2.4386e-12  3.87996e-08 0.955596 -0.29468 2.48812e-11  -0.258819 -0.284639 -0.923035 -9.10098e-12  -49.8732 -55.1836 876.544 1 ]
Camera "world" "float[2] shutteropening" [0 1]
EditEnd 
##streammarker1346
EditBegin "option" 
Identity 
#Camera perspShape
Clipping 5 100000
Projection "perspective" "fov" [54.4322]
ScreenWindow -1 1 -0.5625 0.5625
Shutter 0 0
ConcatTransform [ 0.965926 -0.0762689 -0.247326 -1.70232e-11  0 0.955596 -0.29468 1.74298e-10  -0.258819 -0.284639 -0.923035 -6.35313e-11  -52.9308 -54.1644 876.544 1 ]
Camera "world" "float[2] shutteropening" [0 1]
EditEnd 
##streammarker1347
EditBegin "option" 
Identity 
#Camera perspShape
Clipping 5 100000
Projection "perspective" "fov" [54.4322]
ScreenWindow -1 1 -0.5625 0.5625
Shutter 0 0
ConcatTransform [ 0.965926 -0.0762689 -0.247326 1.83053e-12  -1.33173e-08 0.955596 -0.29468 7.87316e-12  -0.258819 -0.284639 -0.923035 7.27203e-11  -55.9883 -53.1452 876.544 1 ]
Camera "world" "float[2] shutteropening" [0 1]
EditEnd 
##streammarker1348
EditBegin "option" 
Identity 
#Camera perspShape
Clipping 5 100000
Projection "perspective" "fov" [54.4322]
ScreenWindow -1 1 -0.5625 0.5625
Shutter 0 0
ConcatTransform [ 0.965926 -0.0762689 -0.247326 -4.85388e-12  1.33633e-08 0.955596 -0.29468 5.00489e-11  -0.258819 -0.284639 -0.923035 -1.81149e-11  -55.9884 -52.126 876.544 1 ]
Camera "world" "float[2] shutteropening" [0 1]
EditEnd 
##streammarker1349
EditBegin "option" 
Identity 
#Camera perspShape
Clipping 5 100000
Projection "perspective" "fov" [54.4322]
ScreenWindow -1 1 -0.5625 0.5625
Shutter 0 0
ConcatTransform [ 0.965926 -0.0762687 -0.247326 1.68763e-11  0 0.955596 -0.29468 -1.64504e-10  -0.258819 -0.284639 -0.923035 1.35457e-10  -58.0268 -51.1068 876.544 1 ]
Camera "world" "float[2] shutteropening" [0 1]
EditEnd 
##streammarker1350
EditBegin "option" 
Identity 
#Camera perspShape
Clipping 5 100000
Projection "perspective" "fov" [54.4322]
ScreenWindow -1 1 -0.5625 0.5625
Shutter 0 0
ConcatTransform [ 0.965926 -0.0762688 -0.247326 -1.00663e-13  -1.35579e-08 0.955596 -0.29468 1.04162e-12  -0.258819 -0.284639 -0.923035 -3.75678e-13  -59.0459 -51.1068 876.544 1 ]
Camera "world" "float[2] shutteropening" [0 1]
EditEnd 
##streammarker1351
EditBegin "option" 
Identity 
#Camera perspShape
Clipping 5 100000
Projection "perspective" "fov" [54.4322]
ScreenWindow -1 1 -0.5625 0.5625
Shutter 0 0
ConcatTransform [ 0.965926 -0.0762688 -0.247327 8.88615e-12  -4.0822e-08 0.955596 -0.29468 -9.19503e-11  -0.258819 -0.284639 -0.923035 3.31636e-11  -60.0651 -51.1068 876.544 1 ]
Camera "world" "float[2] shutteropening" [0 1]
EditEnd 
##streammarker1352
EditBegin "option" 
Identity 
#Camera perspShape
Clipping 5 100000
Projection "perspective" "fov" [54.4322]
ScreenWindow -1 1 -0.5625 0.5625
Shutter 0 0
ConcatTransform [ 0.965926 -0.0762687 -0.247326 8.68613e-12  -5.46272e-08 0.955596 -0.29468 -8.98806e-11  -0.258819 -0.284639 -0.923035 3.24171e-11  -61.0843 -51.1068 876.544 1 ]
Camera "world" "float[2] shutteropening" [0 1]
EditEnd 
##streammarker1353
EditBegin "option" 
Identity 
#Camera perspShape
Clipping 5 100000
Projection "perspective" "fov" [54.4322]
ScreenWindow -1 1 -0.5625 0.5625
Shutter 0 0
ConcatTransform [ 0.965926 -0.0762688 -0.247326 -1.53446e-11  2.75075e-08 0.955596 -0.29468 1.59343e-10  -0.258819 -0.284639 -0.923035 -5.72669e-11  -62.1035 -50.0877 876.544 1 ]
Camera "world" "float[2] shutteropening" [0 1]
EditEnd 
##streammarker1354
EditBegin "option" 
Identity 
#Camera perspShape
Clipping 5 100000
Projection "perspective" "fov" [54.4322]
ScreenWindow -1 1 -0.5625 0.5625
Shutter 0 0
ConcatTransform [ 0.965926 -0.0762689 -0.247327 9.43395e-13  1.38034e-08 0.955596 -0.29468 -3.77815e-11  -0.258819 -0.284639 -0.923035 9.10916e-11  -63.1227 -50.0876 876.544 1 ]
Camera "world" "float[2] shutteropening" [0 1]
EditEnd 
##streammarker1355
EditBegin "option" 
Identity 
#Camera perspShape
Clipping 5 100000
Projection "perspective" "fov" [54.4322]
ScreenWindow -1 1 -0.5625 0.5625
Shutter 0 0
ConcatTransform [ 0.965926 -0.0762688 -0.247327 -4.46257e-12  4.15589e-08 0.955596 -0.29468 1.10403e-11  -0.258819 -0.284639 -0.923035 7.38238e-11  -64.1419 -50.0876 876.544 1 ]
Camera "world" "float[2] shutteropening" [0 1]
EditEnd 
##streammarker1356
EditBegin "option" 
Identity 
#Camera perspShape
Clipping 5 100000
Projection "perspective" "fov" [54.4322]
ScreenWindow -1 1 -0.5625 0.5625
Shutter 0 0
ConcatTransform [ 0.965926 -0.0762688 -0.247326 -6.06855e-12  2.78022e-08 0.955596 -0.29468 6.32418e-11  -0.258819 -0.284639 -0.923035 -2.26481e-11  -64.1419 -49.0685 876.544 1 ]
Camera "world" "float[2] shutteropening" [0 1]
EditEnd 
##streammarker1357
EditBegin "option" 
Identity 
#Camera perspShape
Clipping 5 100000
Projection "perspective" "fov" [54.4322]
ScreenWindow -1 1 -0.5625 0.5625
Shutter 0 0
ConcatTransform [ 0.965926 -0.0762688 -0.247326 1.12053e-11  -5.60025e-08 0.955596 -0.29468 -1.16773e-10  -0.258819 -0.284639 -0.923035 4.18186e-11  -66.1803 -49.0684 876.544 1 ]
Camera "world" "float[2] shutteropening" [0 1]
EditEnd 
##streammarker1358
EditBegin "option" 
Identity 
#Camera perspShape
Clipping 5 100000
Projection "perspective" "fov" [54.4322]
ScreenWindow -1 1 -0.5625 0.5625
Shutter 0 0
ConcatTransform [ 0.965926 -0.0762687 -0.247326 7.15e-13  4.2298e-08 0.955596 -0.29468 -7.47779e-12  -0.258819 -0.284639 -0.923035 2.66842e-12  -67.1995 -48.0492 876.544 1 ]
Camera "world" "float[2] shutteropening" [0 1]
EditEnd 
##streammarker1359
EditBegin "option" 
Identity 
#Camera perspShape
Clipping 5 100000
Projection "perspective" "fov" [54.4322]
ScreenWindow -1 1 -0.5625 0.5625
Shutter 0 0
ConcatTransform [ 0.965926 -0.0762689 -0.247326 -5.30697e-12  4.24477e-08 0.955596 -0.29468 5.55025e-11  -0.258819 -0.284639 -0.923035 -1.98059e-11  -68.2186 -48.0493 876.544 1 ]
Camera "world" "float[2] shutteropening" [0 1]
EditEnd 
##streammarker1360
EditBegin "option" 
Identity 
#Camera perspShape
Clipping 5 100000
Projection "perspective" "fov" [54.4322]
ScreenWindow -1 1 -0.5625 0.5625
Shutter 0 0
ConcatTransform [ 0.965926 -0.0762688 -0.247327 -1.24442e-11  4.25975e-08 0.955596 -0.29468 1.30147e-10  -0.258819 -0.284639 -0.923035 -4.64424e-11  -69.2379 -48.0493 876.544 1 ]
Camera "world" "float[2] shutteropening" [0 1]
EditEnd 
##streammarker1361
EditBegin "option" 
Identity 
#Camera perspShape
Clipping 5 100000
Projection "perspective" "fov" [54.4322]
ScreenWindow -1 1 -0.5625 0.5625
Shutter 0 0
ConcatTransform [ 0.965926 -0.0762688 -0.247326 -9.75773e-12  4.27462e-08 0.955596 -0.29468 2.87095e-11  -0.258819 -0.284639 -0.923035 6.89554e-11  -69.2379 -47.0301 876.544 1 ]
Camera "world" "float[2] shutteropening" [0 1]
EditEnd 
##streammarker1362
EditBegin "option" 
Identity 
#Camera perspShape
Clipping 5 100000
Projection "perspective" "fov" [54.4322]
ScreenWindow -1 1 -0.5625 0.5625
Shutter 0 0
ConcatTransform [ 0.965926 -0.0762689 -0.247326 -2.47121e-11  3.5913e-09 0.955596 -0.29468 6.26074e-13  -0.258819 -0.284639 -0.923035 8.72345e-12  -71.2763 -46.0109 876.544 1 ]
Camera "world" "float[2] shutteropening" [0 1]
EditEnd 
##streammarker1363
EditBegin "option" 
Identity 
#Camera perspShape
Clipping 5 100000
Projection "perspective" "fov" [54.4322]
ScreenWindow -1 1 -0.5625 0.5625
Shutter 0 0
ConcatTransform [ 0.965926 -0.0762689 -0.247326 5.60229e-11  0 0.955596 -0.29468 3.12749e-11  -0.258819 -0.284639 -0.923035 4.41333e-11  -72.2955 -44.9917 876.544 1 ]
Camera "world" "float[2] shutteropening" [0 1]
EditEnd 
##streammarker1364
EditBegin "option" 
Identity 
#Camera perspShape
Clipping 5 100000
Projection "perspective" "fov" [54.4322]
ScreenWindow -1 1 -0.5625 0.5625
Shutter 0 0
ConcatTransform [ 0.965926 -0.0762689 -0.247327 -9.20156e-11  -1.79762e-09 0.955596 -0.29468 2.39932e-12  -0.258819 -0.284639 -0.923035 3.27105e-11  -73.3146 -43.9725 876.544 1 ]
Camera "world" "float[2] shutteropening" [0 1]
EditEnd 
##streammarker1365
EditBegin "option" 
Identity 
#Camera perspShape
Clipping 5 100000
Projection "perspective" "fov" [54.4322]
ScreenWindow -1 1 -0.5625 0.5625
Shutter 0 0
ConcatTransform [ 0.965926 -0.0762689 -0.247327 -8.77183e-11  -1.79858e-09 0.955596 -0.29468 2.35229e-12  -0.258819 -0.284639 -0.923035 3.14012e-11  -75.353 -43.9725 876.544 1 ]
Camera "world" "float[2] shutteropening" [0 1]
EditEnd 
##streammarker1366
EditBegin "option" 
Identity 
#Camera perspShape
Clipping 5 100000
Projection "perspective" "fov" [54.4322]
ScreenWindow -1 1 -0.5625 0.5625
Shutter 0 0
ConcatTransform [ 0.964095 -0.078254 -0.253764 8.43837e-13  -1.79795e-09 0.955596 -0.29468 -2.28574e-14  -0.265556 -0.2841 -0.921286 -3.09314e-13  -75.9532 -43.8169 877.049 1 ]
Camera "world" "float[2] shutteropening" [0 1]
EditEnd 
##streammarker1367
EditBegin "option" 
Identity 
#Camera perspShape
Clipping 5 100000
Projection "perspective" "fov" [54.4322]
ScreenWindow -1 1 -0.5625 0.5625
Shutter 0 0
ConcatTransform [ 0.960294 -0.0766116 -0.268266 4.50683e-11  -7.22016e-09 0.961558 -0.274603 3.1393e-11  -0.278991 -0.263699 -0.923378 4.75674e-11  -77.1425 -41.9184 877.175 1 ]
Camera "world" "float[2] shutteropening" [0 1]
EditEnd 
##streammarker1368
EditBegin "option" 
Identity 
#Camera perspShape
Clipping 5 100000
Projection "perspective" "fov" [54.4322]
ScreenWindow -1 1 -0.5625 0.5625
Shutter 0 0
ConcatTransform [ 0.960294 -0.0709768 -0.269812 -9.96398e-12  -7.251e-09 0.967098 -0.254405 2.38268e-13  -0.278991 -0.244304 -0.928698 3.83801e-12  -77.1425 -40.3164 876.314 1 ]
Camera "world" "float[2] shutteropening" [0 1]
EditEnd 
##streammarker1369
EditBegin "option" 
Identity 
#Camera perspShape
Clipping 5 100000
Projection "perspective" "fov" [54.4322]
ScreenWindow -1 1 -0.5625 0.5625
Shutter 0 0
ConcatTransform [ 0.958323 -0.0697834 -0.277034 3.83819e-11  3.63204e-09 0.969709 -0.244264 -8.90512e-13  -0.285688 -0.234084 -0.929294 -1.51312e-11  -77.7315 -39.3767 876.421 1 ]
Camera "world" "float[2] shutteropening" [0 1]
EditEnd 
##streammarker1370
EditBegin "option" 
Identity 
#Camera perspShape
Clipping 5 100000
Projection "perspective" "fov" [54.4322]
ScreenWindow -1 1 -0.5625 0.5625
Shutter 0 0
ConcatTransform [ 0.958322 -0.0668786 -0.27775 -6.73156e-11  0 0.972213 -0.234096 1.96763e-11  -0.285688 -0.22434 -0.931694 9.68417e-11  -77.7315 -38.5703 876.012 1 ]
Camera "world" "float[2] shutteropening" [0 1]
EditEnd 
##streammarker1371
EditBegin "option" 
Identity 
#Camera perspShape
Clipping 5 100000
Projection "perspective" "fov" [54.4322]
ScreenWindow -1 1 -0.5625 0.5625
Shutter 0 0
ConcatTransform [ 0.958322 -0.0639663 -0.278435 1.39339e-11  5.4689e-09 0.974611 -0.223903 1.77391e-11  -0.285688 -0.214571 -0.933992 6.48536e-11  -77.7315 -37.7595 875.613 1 ]
Camera "world" "float[2] shutteropening" [0 1]
EditEnd 
##streammarker1372
EditBegin "option" 
Identity 
#Camera perspShape
Clipping 5 100000
Projection "perspective" "fov" [54.4322]
ScreenWindow -1 1 -0.5625 0.5625
Shutter 0 0
ConcatTransform [ 0.956305 -0.0654628 -0.284949 9.58697e-11  3.64532e-09 0.974612 -0.223903 -2.06133e-12  -0.292372 -0.214119 -0.932026 -3.86929e-11  -78.3168 -37.6376 876.144 1 ]
Camera "world" "float[2] shutteropening" [0 1]
EditEnd 
##streammarker1373
EditBegin "option" 
Identity 
#Camera perspShape
Clipping 5 100000
Projection "perspective" "fov" [54.4322]
ScreenWindow -1 1 -0.5625 0.5625
Shutter 0 0
ConcatTransform [ 0.95424 -0.0639003 -0.292134 4.86675e-11  -1.82568e-09 0.976903 -0.213684 1.68105e-11  -0.299041 -0.203906 -0.9322 5.07071e-11  -78.8981 -36.711 876.29 1 ]
Camera "world" "float[2] shutteropening" [0 1]
EditEnd 
##streammarker1374
EditBegin "option" 
Identity 
#Camera perspShape
Clipping 5 100000
Projection "perspective" "fov" [54.4322]
ScreenWindow -1 1 -0.5625 0.5625
Shutter 0 0
ConcatTransform [ 0.95424 -0.0546927 -0.293997 -2.61452e-11  0 0.983133 -0.182894 1.78529e-11  -0.299041 -0.174525 -0.938145 8.18634e-11  -78.8982 -34.2762 875.175 1 ]
Camera "world" "float[2] shutteropening" [0 1]
EditEnd 
##streammarker1375
EditBegin "option" 
Identity 
#Camera perspShape
Clipping 5 100000
Projection "perspective" "fov" [54.4322]
ScreenWindow -1 1 -0.5625 0.5625
Shutter 0 0
ConcatTransform [ 0.949972 -0.0571242 -0.307067 -7.16349e-11  -3.66884e-09 0.983133 -0.182894 1.86307e-11  -0.312335 -0.173744 -0.933948 1.02325e-10  -80.0494 -34.0732 876.266 1 ]
Camera "world" "float[2] shutteropening" [0 1]
EditEnd 
##streammarker1376
EditBegin "option" 
Identity 
#Camera perspShape
Clipping 5 100000
Projection "perspective" "fov" [54.4322]
ScreenWindow -1 1 -0.5625 0.5625
Shutter 0 0
ConcatTransform [ 0.949972 -0.0539054 -0.307648 -1.34596e-10  1.83722e-09 0.984994 -0.172588 1.94917e-11  -0.312335 -0.163954 -0.935717 1.29612e-10  -80.0494 -33.2655 875.913 1 ]
Camera "world" "float[2] shutteropening" [0 1]
EditEnd 
##streammarker1377
EditBegin "option" 
Identity 
#Camera perspShape
Clipping 5 100000
Projection "perspective" "fov" [54.4322]
ScreenWindow -1 1 -0.5625 0.5625
Shutter 0 0
ConcatTransform [ 0.949972 -0.0539055 -0.307648 -1.34094e-11  2.75584e-09 0.984994 -0.172588 2.30506e-13  -0.312335 -0.163954 -0.935717 5.79361e-12  -80.0494 -33.2655 871.958 1 ]
Camera "world" "float[2] shutteropening" [0 1]
EditEnd 
##streammarker1378
EditBegin "option" 
Identity 
#Camera perspShape
Clipping 5 100000
Projection "perspective" "fov" [54.4322]
ScreenWindow -1 1 -0.5625 0.5625
Shutter 0 0
ConcatTransform [ 0.949972 -0.0539054 -0.307648 -8.77676e-11  9.18622e-10 0.984994 -0.172588 1.52286e-12  -0.312335 -0.163954 -0.935717 3.80054e-11  -80.0494 -33.2655 864.096 1 ]
Camera "world" "float[2] shutteropening" [0 1]
EditEnd 
##streammarker1379
EditBegin "option" 
Identity 
#Camera perspShape
Clipping 5 100000
Projection "perspective" "fov" [54.4322]
ScreenWindow -1 1 -0.5625 0.5625
Shutter 0 0
ConcatTransform [ 0.949972 -0.0539054 -0.307648 1.21758e-11  -9.18631e-10 0.984994 -0.172589 -2.13246e-13  -0.312335 -0.163954 -0.935717 -5.28432e-12  -80.0494 -33.2655 856.3 1 ]
Camera "world" "float[2] shutteropening" [0 1]
EditEnd 
##streammarker1380
EditBegin "option" 
Identity 
#Camera perspShape
Clipping 5 100000
Projection "perspective" "fov" [54.4322]
ScreenWindow -1 1 -0.5625 0.5625
Shutter 0 0
ConcatTransform [ 0.949972 -0.0539055 -0.307648 3.77257e-11  9.18636e-10 0.984994 -0.172588 -6.63823e-13  -0.312335 -0.163954 -0.935717 -1.63916e-11  -80.0494 -33.2655 852.426 1 ]
Camera "world" "float[2] shutteropening" [0 1]
EditEnd 
##streammarker1381
EditBegin "option" 
Identity 
#Camera perspShape
Clipping 5 100000
Projection "perspective" "fov" [54.4322]
ScreenWindow -1 1 -0.5625 0.5625
Shutter 0 0
ConcatTransform [ 0.949972 -0.0539055 -0.307648 1.91801e-11  -9.1864e-10 0.984994 -0.172588 1.70216e-11  -0.312335 -0.163954 -0.935717 6.56432e-11  -80.0494 -33.2655 848.568 1 ]
Camera "world" "float[2] shutteropening" [0 1]
EditEnd 
##streammarker1382
EditBegin "option" 
Identity 
#Camera perspShape
Clipping 5 100000
Projection "perspective" "fov" [54.4322]
